5.455180087466818
7.084718976972823
7.158493927588782
-9.076720423428291
12.988466906871436
9.873912158626315
2.5999907735481798
2.5523339372694256
-9.02703497262203
-1.1175881267491425
-8.129026607531905
-7.033189098808007
10.5954456848485
3.2620893779767233
12.65961420437674
19.047145862622607
5.527499247320879
-5.457897488817988
6.590939591729688
-9.467988756034181
11.925292953025231
-5.867889602103939
2.5099917397310243
16.369985069559686
9.985637794329902
-10.306123257547899
6.948345849509826
16.013741907707043
8.421785604839677
15.698954960106217
14.40483498617622
0.5678497312889439
8.928039916120252
-0.48249474844219375
10.469402188178695
-11.362338085886979
15.867060719695498
-3.5028157532351685
14.573426578326922
5.658656684584136
6.8879205703800865
3.244934787283053
3.424415483612624
14.56194493181891
-0.45436512348689684
11.813990446653534
5.910507773268529
18.947021841429308
-8.69516771901038
-5.883186550961874
8.253188056447849
4.977263292942522
9.3493259784901
0.12269080448173919
-11.67881996276273
6.249283941780416
-7.87882330359182
-4.317889502994572
6.223145067598729
9.743572053460511
8.627321880975828
4.483034529724181
13.267722225505803
9.759834439095474
-3.2136203531812075
-6.962609683637468
-6.26733306623569
5.71445198275096
13.506087653678449
-2.807321372907447
-6.096397530896036
7.874474312801897
6.354221674915241
-4.760631085245459
9.642831398387463
9.108274318889709
-2.858001557445718
11.265174948135158
12.30507263744439
7.358758123351006
7.5410476889220375
-3.0441612198053676
-10.42317625249449
5.490063361132048
10.271512330731003
3.4862175413915684
7.902989312031797
13.478021039634546
-8.115238950060679
-0.9555698975683775
-11.017710732701207
5.044198005627222
11.037392312294013
3.864004886497432
5.119738902878035
-11.381148559349676
6.84819721793222
-6.110737135226203
3.051736683841862
-11.714234835144847
-2.6479723206512276
-8.931123731773154
14.817772057601601
0.6214015572445075
-8.326065530630936
-10.495758227597483
9.504620017791206
10.842970107908641
14.090369935284262
-0.3072901856057455
13.236453486186688
5.742937641891935
-11.049519698401522
2.4144077536434327
9.45944755458583
14.269797322454922
10.557433071285708
2.7544930436564403
4.336783838187937
-3.7673549932291452
-11.930215778614766
5.886846596752567
-6.520847362446926
7.886068445285305
9.053538040948618
7.892037348400153
-6.088602585016935
17.179639606758776
-1.044888604695939
-3.05862048750526
3.2939789169920495
10.622842945420015
12.509374888314479
6.338414318419723
2.7358226792735953
5.0870485230566285
8.103328254849627
-2.8042987408334668
5.228275269767513
3.1084016345340277
11.16934787404345
3.568778769180446
9.676054700771513
2.2683089544047736
-10.479200292419478
-10.31245134980216
-9.888349167628487
9.10445687879293
2.379350278513903
2.589144542989553
8.646592044422647
6.981815708270781
-2.2530967422973767
4.931255136286472
8.003200350361908
11.695295733128928
7.389036072909368
9.950968236657285
8.088246250809334
13.972598835623389
-0.4445564759380478
-6.7783159747098605
9.045363419488751
16.89622063436035
3.646390141127615
11.603359986444856
13.16047101032049
-8.855475242047653
9.197267400309844
-5.175588430143861
14.357123356575094
-0.46929314906270303
15.758395043895003
7.838174019768775
2.80044288439839
-0.7908479381920301
7.906902562243321
-11.340471294880464
6.015335347556165
7.137692912234551
-6.0517514742724705
6.5347065604290275
9.436729678693172
-3.879178436986009
-8.313126793762136
-4.023931772611673
8.112888949920794
10.715373520500645
12.89380047836633
7.624744119881956
3.7091550785793554
8.446618425180421
-4.074924153976643
-1.8578452343801615
2.911126771486965
6.551937920946161
-10.091795376867596
12.331088082688874
-10.511811260981215
12.961257475941103
