5.83542428527266
-4.793332370950121
3.293529965609225
-4.612772936806483
14.64410574249843
14.156080421164594
9.791205768218264
3.3264586061051213
-4.8343623543661005
-4.479149889656068
-4.817130025115075
-4.01599632143844
0.9785398485385389
5.637564673188211
13.784965425733594
17.387831483303955
-2.960417562618906
1.9253942158619197
4.395053524337495
5.063174702490883
13.327232723906821
3.2642046653556744
2.601001913877062
13.747392377215599
9.186655814293989
-1.6427796350420254
4.395053524337495
6.957390513002039
11.37591411054512
8.870808411860041
10.485754605726026
1.362919363010532
-0.4548236145812966
-0.904890397733045
16.612384082726294
5.063174702490883
17.33156745999249
-4.164068785279526
-0.35493644843706806
16.599842941727047
10.200164381714737
6.709705975117352
4.258954804627482
15.171631397291668
4.373818154345495
0.6126903313977148
15.209448257524372
16.599842941727047
-4.697706635803415
4.705793179094022
16.612384082726294
15.541259527498084
11.37591411054512
2.4093729045979555
0.6660514915105303
6.74443573867463
-4.67012538839011
4.454497987984508
6.905406900892667
6.7693544149435985
13.717794590472344
6.001339782908443
5.054440981994013
9.93482678195855
-0.33929956188933474
4.705793179094022
0.3558869874926912
11.90183459498445
13.327232723906821
2.4093729045979555
-6.54390328705794
13.747392377215599
-3.2494992268321066
-2.590317032783411
16.612384082726294
15.935634872920295
5.7633674082416135
12.123604718022015
16.419820677826102
16.53044676761433
7.982210309043132
-0.08767246368712184
4.442604122135517
13.79239343095421
16.66741590663739
2.4093729045979555
13.931514518928347
13.272526767043427
3.964943933328917
-0.904890397733045
-4.648426930263529
7.235020765593582
10.120889897360039
3.5419596620264393
4.749000169958462
-3.2445295801541154
6.045649211239999
1.283333432342652
6.305305095404372
2.659332834909117
4.371428595205024
-4.814229917898222
15.209448257524372
8.657576487496593
-3.5035393557032957
-5.066366505980357
4.136517504120975
17.35323188345896
10.120889897360039
3.2642046653556744
9.723133924305008
4.068790394796264
-6.4651896403109355
7.49126683715193
16.612384082726294
17.35323188345896
4.964480003636481
12.465746222135854
13.140603445264887
4.132653081747553
0.47550448845761917
-0.08767246368712184
8.714067928275607
11.38392393033938
11.37591411054512
1.2488200711179762
-3.550767067530484
17.387831483303955
2.8256534730332485
-0.08767246368712184
11.840064770029016
7.235020765593582
7.982788351338673
8.870808411860041
13.784965425733594
15.775585436505287
7.982210309043132
-0.3624889057986679
4.395053524337495
4.4167214401814485
13.327232723906821
12.965042782003808
17.1128447565649
5.144405637933578
-1.2345689728911768
-6.189171651447438
4.442604122135517
9.311555277389388
5.452575983141757
2.6577813024749424
10.485754605726026
1.362919363010532
2.963265754349014
7.889931840582612
15.53266651654135
6.957390513002039
11.37591411054512
12.123604718022015
6.7012360269065585
4.068790394796264
3.964943933328917
-3.397318465184172
11.14410639712664
11.90183459498445
8.10717971616586
14.405150766393923
2.34543720540415
2.7023942503491045
7.897305536466916
1.9253942158619197
17.408878747721364
9.992624548015145
7.982788351338673
12.123604718022015
-0.35493644843706806
1.362919363010532
10.200164381714737
-1.6427796350420254
15.993122588390909
15.935634872920295
6.606224369145932
15.08409251994302
10.485754605726026
8.657576487496593
3.964943933328917
-1.8368437711575876
10.738992460204654
0.580161702129967
8.607378936766997
9.23108822054717
12.261692635810762
13.03273674466886
5.016093030172594
6.969360574466624
12.294279763251787
4.718309644573389
1.694499314656166
12.465746222135854
-5.2081340525482185
1.362919363010532
