4.989430507513092
11.06400721750844
12.829651849136404
-8.813526713182972
12.303608230723116
20.860226910642332
13.198832853407708
4.476364306138544
-3.0689422349377335
1.0039366415778408
-5.317625938421503
-1.5220598492454025
13.239245471836275
11.475391830275262
13.022950177244219
25.829544971395112
4.7351470592380736
-1.0245721212891805
9.28816990845046
-3.545652307157227
16.195123398792692
1.8952331146366381
3.5487391202436176
21.524321995865797
15.366727050038165
-2.6473589989806383
10.355856653376915
20.44149549775079
12.705466884558124
21.07108462771797
20.80588187721731
8.026086170561241
13.129181593311463
1.6984403985819163
19.327569774312938
-4.941054846088646
19.381559998565415
1.6611545426515333
17.716879244048574
7.647897764072182
9.459837605326204
4.20006010814503
2.5848895747612213
21.091318839619092
2.0825146804487304
14.626134106289014
14.066310118530222
25.666623578015745
-7.715721239034487
-2.4561564148372
8.949028809168514
11.912690026404213
11.11991732328499
2.7038326957368186
-6.940817013275934
4.470427845832771
-1.2421894030508622
-2.8955913259525268
9.120073888976574
14.284545287865445
11.52759599366859
3.87982592330245
19.967219171295874
13.525575328871856
0.7429466393789355
-0.5835219462749488
-0.8810457522105328
8.650516706628753
20.435122169364767
2.617413299265959
-3.6235859613639456
14.167808235563133
12.784017035999522
-0.6466102515892578
15.220007307634226
14.163430981712619
0.7957551572122892
13.50740181323485
20.168061379290567
16.420119453945905
17.53516919103256
2.483662532793139
-5.868307490803851
11.058199939081321
15.328826702145545
10.297837680177226
16.146140995356507
23.26804964332917
-7.718556079568672
1.6450097096444747
-8.707870054469009
13.546101591244291
16.925470860547914
10.963880651995423
8.88933428793552
-5.440267413018777
12.354829742631628
1.321560450422476
9.888145541108681
-0.0019476963759745836
2.393148655848239
-1.7420730998952094
17.59875643955066
12.09665560903155
-2.927342442242346
-4.348042384817146
11.6615859570426
9.582307055038136
19.977708582105965
-0.4842125462650444
20.071402184404278
3.8692820780219126
-4.432619899376885
1.2393854705157796
7.849168053895808
21.500070672158195
17.488251882641105
10.321674437538823
3.398618877788129
0.18615387321132015
-8.786832581234018
4.406744149787737
-3.396015567156904
11.915898284038928
18.64871569647813
7.481171130131662
-2.3728113890025972
23.395240603156786
0.8600968177999997
1.141180844924571
8.790111187950409
17.817797584474945
21.039830054731034
8.112602319300096
2.7023417476711735
10.952222616801082
12.405106573633137
2.386547218244739
10.787679254276657
4.998625255921038
15.347958059163846
2.305471193682511
9.998154087859964
10.735817458161764
-7.3619237632749925
-3.750637493610395
-8.725795488822534
15.182825458646352
4.85172672389739
10.173465955856475
11.845607693478375
15.166427901623244
1.8387848004629768
3.743945244408372
11.403528977489827
19.141669901438476
16.103761381566642
18.565613909928466
10.855121569738502
21.35855111396832
3.609909554466098
-5.659339041696145
18.86094336733582
16.99291989655897
12.445449600567837
11.41870454011179
19.422905888037228
-1.6619939464775548
14.068827044005145
2.2560863090935603
20.85592548695987
1.049392107080875
21.3960012999445
17.100916548302234
7.302624603476862
2.407556366489713
15.97945855717735
-6.089580803870226
14.077734727747444
7.252994896747113
-5.615016882104923
16.689645883116853
18.09667601655969
1.4913151247686423
-1.3196978310655636
-4.566645437935423
13.258156612304811
15.916253233744559
20.29556515227114
7.803436510554213
2.9080235486827553
11.389408549231973
2.8675096800358624
0.8155592180614277
3.1702240022306323
14.063266541519502
-3.7956050210604624
16.48787477292571
-9.821327843756656
16.54914028943568
