8.560355270597068
-1.9314367569829485
10.440942565075863
-2.699077054502065
18.44390589639332
20.67432440391852
21.61377125056176
14.016263521269138
-5.136248749564556
-2.9111530697819483
-2.9625508903954656
-1.8803901949991229
10.788745622441088
14.17883048289579
20.701353809036444
27.336551300026784
-1.7186452829139331
11.620755772096516
8.353490242005346
13.178509378758118
16.06160358049131
12.412445849991503
16.0683412594132
23.087112168066735
13.453740688263888
-1.966609113934701
12.05030376120484
21.788281146482234
14.799456538318436
10.206083373762313
18.56719209283909
6.469827044844525
0.30812172239867686
1.0558137757739647
26.548113735544064
17.112349708362036
23.928663643114447
-2.4451550886929088
0.06829247544091133
23.055529658210688
11.606288142102112
12.067562632817149
14.88817998269566
26.687900638186886
7.3967688214013405
11.270393767473688
23.189048491765067
23.79866185826391
-4.260391690879473
7.385902737702677
25.32712649245653
22.50107488450374
20.89602802618009
9.098665317706484
6.884751417035981
15.630176204611486
-3.9943426498457066
10.24064708961448
12.689807453721647
12.866837586506051
17.517143038028472
14.100614826479575
10.323058926867553
23.396007664327758
1.6638489925505482
16.799514452606736
5.299576146095132
18.25592087006104
18.845962830718502
9.10819856956517
-4.779552762262396
24.127485078542783
-3.4809211804777305
0.17248075302607768
27.18570803125916
20.002028777467245
10.131065026444737
14.470125381010439
21.009242843546176
22.0343226073639
10.297467724279057
2.4032087738453307
8.4901285777913
20.308152009358157
20.428386909570953
6.880193032838165
26.032437530733937
22.406509556226787
12.254070152323358
0.010088383672175127
-5.52840639622322
19.52275709724139
24.864886879233985
6.665968739069237
16.97181951034728
-4.199658991131196
11.723389301835311
3.621583156195393
12.11612267638391
14.716497370230677
7.631553135371096
-3.4488404895600775
25.116208369550677
18.71549807155352
-3.959273562013147
-4.001375360748443
12.009916149358194
21.653548185917987
16.82655709725091
6.839115410551811
17.73994686009472
15.814313633761586
-5.289280602256702
14.995733582359769
24.532989129405607
22.284094478830383
12.224735145463963
12.201534913306004
25.346002355648093
15.218062392009314
12.278027031307248
-0.1326136593831045
22.327332499673844
13.256162629626736
18.379574839391104
1.8149335030428704
-0.910757636064353
24.1277720842814
13.228522611072332
1.7724612017277217
20.538866865952574
16.904130508877152
19.255448341923163
19.440443855331797
17.63552788463015
26.961823075998684
17.681055835957338
1.9310838706011704
5.018456149627834
15.048725967366467
15.553021463445422
14.704666002885705
20.78825876235494
15.196534972468458
1.666458083479763
-5.178021350741636
8.614598668096857
14.651249186952057
18.15519763628991
2.8203217159800316
23.491088662443886
8.448357103916669
17.905654733055144
13.769502806609871
18.99227447252046
11.34477436627646
19.310387082948335
24.12902290298653
17.13066553505405
15.453452091260946
6.460133688167452
-4.242528857015295
22.612741141276345
17.716012108671347
13.228867225151538
21.289201246709528
15.650047804974225
14.265291518236989
16.731112146240434
10.243596838125756
25.89876741309108
21.088145230057496
14.395849332522832
16.603051971902133
2.2684726633561887
6.670090401777528
12.565623088248724
-0.9130278526544517
23.184764533094203
22.738823962997035
13.348091774331333
24.666563212785555
18.95311981249621
15.508990108975066
17.343054848682673
-0.8053862718147164
18.65264210867367
9.550116144671314
16.293071680594103
13.57147424252055
18.9865143680668
17.061117612634334
14.685935457155418
19.047397938506975
20.53143653996639
15.459454621972755
3.970452645377878
15.231943559700778
-3.8219086251635055
-0.014265533791951501
