2.4267497918592444
2.8129198038554457
7.46748383235583
-13.011836650393565
8.148021564408193
9.580893173263005
4.1574540416435
3.1609259457184127
-14.639161692268946
-1.1175881267491425
-8.200662535549863
-0.8087020353607706
6.016218429895246
0.26839309681157264
11.26785998135918
15.714427698313026
7.3966939862042365
-5.457897488817988
8.554067015338774
0.1851629529320249
8.910124869741045
-5.867889602103939
2.9470346038353394
12.771013430262197
8.01911473453568
-14.604384846647491
2.4074659281465176
12.957618089589596
5.74399727965756
10.931163916909075
11.4977482476574
1.8764581311670296
5.0534858394720255
-0.48249474844219375
10.78332250270982
1.6476799045999115
15.569618459002857
-3.5028157532351685
10.001423280870176
6.376544904678652
4.041477243729752
2.7413967450035046
2.6655713976602393
10.589163757963538
0.021881795005584515
7.591285829907642
4.129457254125569
14.646350139265738
-18.01087217835877
-5.883186550961874
6.581373617229969
5.8166266066606385
8.660827881899658
1.4009225705044905
-9.740148505033087
4.52187718219589
0.3183571605340596
-4.317889502994572
7.79989536910381
5.206246104175701
5.978962236124323
6.232105790926213
9.275942716770228
4.988372689263223
-3.2136203531812075
-6.962609683637468
-9.487346723011981
3.4602333328622645
12.700031862418982
-2.807321372907447
-10.381606158896004
8.049936295565772
3.0606799348757767
-4.760631085245459
5.788829850040437
5.1662002429312235
-2.858001557445718
7.3833785845009325
10.809780998818193
5.991166713890113
5.50507627056443
-3.0441612198053676
-12.510718137946924
1.70316635772659
8.781783515096569
2.2544799228462864
8.975559085374417
12.95759189336079
-6.562689976555898
0.21532292680773613
-7.641766662550836
5.292203406097745
12.667872270591833
4.895544653706645
0.8785047066404821
-7.088416897068203
2.9002006207943873
0.5991797985569356
3.7844466600843454
-3.3754362428277176
-2.6479723206512276
-8.643363408462477
11.27860894554576
0.24122651797286743
-5.71590243293177
-14.707608120149033
11.135861094313379
8.432709246299442
10.810932932155506
1.1646285873679847
9.396994924209363
4.225127792438762
-14.310488012118146
0.8915421956291913
5.716339685982453
10.37878503498721
11.43862068759767
0.3824587952058298
4.830806126377958
-3.7673549932291452
-1.4838055175522982
5.12254710170912
-6.520847362446926
7.7833040730448815
7.203588081659116
4.2919487299625345
-10.616139172462326
14.334102527240386
-1.044888604695939
-3.05862048750526
4.1617069466790895
8.30413702095789
9.20402988790744
4.1860744690645015
3.0418093313742505
6.383862426546833
4.702107473318279
-2.8042987408334668
6.617900110534798
4.312710121885933
7.88598386193957
4.8340278845594495
9.629628904420073
2.3078269619648326
-7.6532642433230365
-13.312880004090564
-1.3467300851162136
8.41228626605254
1.9121800033782712
1.3609236423780997
7.801675916757816
5.538810383320872
-2.2530967422973767
4.624841834086828
9.294625433412152
10.269454593658006
6.101118929414436
11.766671994564629
9.842182363968279
10.241132449414405
-0.4445564759380478
-11.823262338793697
9.24442945472152
12.614798441245439
3.808428345976983
12.06610429419134
8.952206946571367
-3.7247737661893403
5.5792827202745645
-5.175588430143861
11.547320333109617
-0.46929314906270303
13.966730197941036
5.255215627412662
4.714194763415037
-0.7908479381920301
5.010603348164484
-6.330559520817085
6.57977657641619
8.801617871384119
-4.922816638810968
7.079054418054179
11.372552274880116
-3.879178436986009
1.0309416056267153
-4.023931772611673
5.138556591429805
6.1188619223507645
10.476314803496937
8.004929263692485
3.0151241606649375
6.73678870403008
-4.074924153976643
-1.8578452343801615
2.3677237011495027
2.960918758868323
-7.456762436448848
8.362616194625142
-6.0781837748494745
9.312292081045006
