-2.499483290058744
6.999951308063766
9.285095185168657
-14.888895280306102
8.593315088511666
6.572337562715242
9.722264043249233
3.184155625316345
-14.420440798875404
2.262107996957738
-14.033307427022539
-16.021868002171665
11.135136294908802
13.332878578459237
8.671549178833459
14.6178141454113
-2.391220670778524
6.830026796862608
12.52616196575267
-10.649420017650218
8.247616202417245
4.918454516033886
6.8280880265946635
4.626687774954517
10.756214388588877
-11.309149168157559
7.2774921167292845
16.01243324843834
17.848333615673972
9.588852359011396
6.146035533833844
9.123030552089489
7.293512097704516
6.058613433956407
14.261421259035107
-14.423458738986358
10.9702600685021
-10.971987450294458
5.847681399746323
17.890779766868974
7.838109742189751
2.620809369809149
6.232965295994775
18.555159072288895
2.8457982971218594
8.925556386214513
12.979845612875296
6.3930514812811
-12.408300861952291
7.231223594955442
16.500206843430252
13.335649321333829
14.376100933533705
3.796869931660381
-13.709345857406618
11.205900311802557
-9.779411523226255
1.4930915216517338
8.705989713257072
14.910139349814234
12.206934129236643
14.51433541181062
13.850456179115326
10.46543792906645
-2.3320742458301336
5.169167562724954
-16.275197961992074
13.57973530779736
11.883898722108691
-8.12488480566497
-12.964894999366399
15.350697331413443
-1.130148731129677
-7.995636673929967
6.754896801677889
14.565590972508309
7.229883464314581
12.191200004259604
17.239098729940636
13.06912142799884
-1.7790504941906669
-4.649770253214727
-11.717804000204659
16.302753644862324
9.371405863948967
7.986329877011563
10.959969338317126
17.591901711512136
-6.173254783258361
4.974781250800821
-8.554979840252122
10.951315186578327
10.43555124727129
9.58264293594591
-10.603459609296069
-14.54977437362121
10.613024028109221
-10.402801173153104
10.489529641630561
-11.448374344830858
3.093064965148551
-12.171045593332286
14.856785565015342
-12.132974871326299
-13.954797259636509
-14.919296728936294
10.563040190690721
9.284138790504693
16.253320503938298
-10.92269286256712
8.470788099085997
6.004045951004454
-12.056463873580817
-2.605951815106859
8.733790897197403
15.456877776460445
6.8288058413272195
12.96334872341606
13.692180631596882
-5.3187157977154635
-14.212496655275125
-5.927359471250666
-11.129141376098623
5.129570651194184
11.36354360259204
4.02483085167224
-14.227940988560764
21.33808140122598
-0.2864224073439807
-6.269408323592335
10.729300178301933
13.501385043391085
4.964613193427713
10.639714468543179
16.986084359848874
9.216788429822534
-5.231396683077316
-3.185780509451926
6.013378167538764
4.5600604655365276
9.066912157398251
6.430221480872104
11.175317882502748
9.957987564347077
-8.08011992633595
-10.835181288495084
-16.539121615889577
-14.132364246201092
11.332887075628884
9.346734677913894
13.117317086630875
10.948508102727859
-3.2885838556282243
-3.544768279169893
5.04445649762915
8.048574128115153
16.90030742765984
12.263940468457914
8.888847140008085
11.467882951253754
-3.75414776499127
-11.972229198248641
17.054074355192885
14.024037805202546
7.397911582573007
8.756078119931505
-0.6608735372268755
-10.170451817724008
9.626031548340258
-2.8844387468787653
14.6164727832207
6.955943472420477
6.379202410421003
8.103421931442828
4.678366795114316
10.784879870645142
5.068819940923377
-12.517334488397584
6.82013529666789
13.43937817100202
-11.29881415119613
9.574543755498569
16.978293081709346
-2.6005288459086886
-10.196453625489575
4.683029828260436
7.049735503073077
7.377349140985103
1.8426202334045858
7.254047264469247
7.62680581900837
14.94346883537074
5.240981148699871
5.045855481312147
16.177248022517222
11.750354858214402
-11.60920758467462
11.868887477769483
-10.038127127342468
7.461116897819037
