-3.278783499730464
-0.11119603837105174
0.14044299808032612
-25.723806441822266
2.468320314021322
3.946785710633816
6.180302814342316
0.14803197714612182
-26.117577724490673
-0.5163032990370784
-19.191368642066173
-23.990130710589128
6.131019547835907
5.455554660251606
3.681762028766509
7.09804875865806
-4.4542562736313815
0.7732633404559248
5.852682055080913
-27.858822180313386
5.156312104018573
-2.6748791141388963
1.876458827940553
3.127327743129035
4.040586675946892
-34.892639556032606
2.5180242382025284
9.739644431619771
11.303130773952777
4.327341114204384
3.689011722888835
4.782080029548357
1.8329281690417005
0.8624890460450505
8.710571489268993
-26.953011901555243
6.201519984401095
-34.70020968683578
1.9647457656981793
10.815605935622877
2.353720048863778
0.018279585242002128
1.8730714464181641
9.321360233590955
-1.3156167447288905
0.6069138853803224
8.612841021863897
2.5524488881398852
-24.66813011209316
-1.5010543142526949
9.40040133063591
4.534955313459551
13.672966680559579
2.32785355041727
-30.14198392547107
3.5315307294221707
-18.817458359299074
-0.8672482642666406
3.8431189837836737
6.129774369918316
7.171878300185483
7.086873492068326
7.8006785391102085
5.539434755255978
-3.8127266308680134
-3.195743318692827
-22.759226732859872
5.097592678722705
11.048437083796829
-11.32059413038169
-19.27147847365166
9.374233976424527
-2.3847127268312995
-8.48247052891718
2.3558676371382417
10.245371546693459
4.442394406086147
5.938692483678907
9.834171005370376
4.915856051375338
-4.272869485386856
-5.205731546923168
-29.579097070504787
8.790307054609247
6.174902390543263
3.056612769050618
6.237733435127673
9.074747538183196
-10.263078096548057
-0.7010890716542324
-20.805575331709708
4.643816881479606
8.990411906967656
6.778630481378757
-11.36290873820531
-27.252055155463204
2.844586917989357
-19.64796411171227
2.726171617643371
-32.01952032686933
-2.1736493047175767
-21.16971052432456
10.923955531004415
-20.88616510419727
-22.58588766483753
-21.868197080423258
7.003246775768826
6.759780835419518
10.344650445936303
-13.447009220689797
0.240117658649039
2.830144245206716
-31.258794986059353
-4.903830272175604
3.9914249377372855
9.278072494446292
1.8592386347955312
7.9374831120604625
6.493895800147072
-5.676732819929843
-18.016281921249114
-7.665265968817504
-14.959072816210941
0.7191793421686992
6.670185566221221
-0.9264379818689505
-25.369367754755515
12.175501539812068
-4.54064052089949
-6.8703777585845565
4.014262018057664
6.4469929827815315
3.177009791962245
4.396780358661096
9.650905442734425
6.540645654158468
-7.123263587069996
-4.872098248566665
-1.9553395048050692
1.069361750416693
1.6337187520519727
0.34054360310207166
4.783895550455673
2.264824922516082
-21.494988045344087
-29.62289840282416
-26.752780993032502
-28.05576478080004
4.937846065634478
0.9909236271780664
6.605293257168354
2.8771652252022637
-3.5294755464802456
-6.856264423929204
3.7630367086441066
3.929579531697506
8.529947982221472
7.310250637311721
0.42727982275367715
3.877163923117589
-8.245559131023164
-15.900653098765567
11.54936007241486
10.845477846317056
0.13622251028185417
4.938933278349658
-3.4685024799445063
-25.957960049793463
4.275794240846832
-4.728668344314922
5.915939878492832
4.984283499712467
3.6645855988734075
1.6891409203336032
-1.182534303807202
6.212835630429064
-0.9379059776358147
-26.425137966503367
3.1528250957871453
9.671651944754926
-22.34352468670253
5.167625300560252
9.95828428932634
-5.287953737711154
-16.439350938792092
-2.533580115917447
5.047415863294135
2.962461021148205
0.8675088947173712
1.9500208348975363
5.40915356672497
7.802728691567246
0.6837315583782058
-2.9382265932641882
10.820375194125072
7.36770850924864
-28.290294777208906
7.527041669632068
-23.079726793641107
0.47795567712930165
