4.6914937361660805
3.394077755832796
16.201018940883014
2.952340710675778
13.36838959657358
10.777791071099891
19.746740569495795
14.54377829938058
-9.520593305181546
-0.18645722946437293
-6.920306735700747
-8.39964493501088
13.705252412149393
10.557368207318035
13.288557711252633
17.435231901598122
11.725091345052864
3.6075889931227576
13.681349442946802
10.949102453280613
13.31275965198832
11.704317769547949
13.37688767719716
14.117154220567587
10.789364051454122
-5.207653364355263
16.855847942884076
11.872458723687819
15.047404930250925
12.9638909318039
18.813717780581136
15.384224837640165
11.871187308632072
4.272856011048445
21.06623332116409
3.36975959969638
21.61054736582191
-1.0493235721155125
16.982880639427314
19.854290267007986
11.974825098522562
4.55326579293267
15.454213008738732
11.924050119032856
11.18324058952669
10.418010536024774
18.61750258915246
14.697714288879238
-6.355737719961191
-0.8530626940504527
14.14444741252553
16.847879668246428
13.426321763328485
12.714970325962884
-6.351126527256578
18.382444740474632
-2.893253506700744
0.18562325670916024
17.12904207280782
18.384087708416082
15.605475500752597
14.38210304128717
17.42162237401205
16.86822535172484
11.563144807492982
-1.0370850590209275
-4.702543286418248
12.908850470979353
21.435093022508198
9.064537101559722
3.820994790347836
13.02812947373248
8.904748074678528
-3.2352434384161426
13.862499054673883
12.279906626780162
18.022835915685732
14.596092491314845
16.91243502345077
17.07948064035347
12.359335274483792
2.016567872478792
0.9544873593993546
19.746202220362925
17.155626801832156
10.580238418051596
17.44216585800246
19.589507032066457
1.8583943410725778
-2.062308529949798
-1.8910616922724195
10.537417526919732
12.47264685664484
13.10918049999171
10.327130482718463
-4.453534235981335
12.909383237876852
-2.848761103208503
17.9427882038935
-0.12876054108090673
14.428162279987628
-5.5696073983194765
16.814276661089302
10.856259760158022
-7.290529851434313
-8.877751079057242
17.270147492632557
21.72882818810725
13.565476694832737
8.68982060444724
16.204298690905695
12.859136331491264
-6.335480190422939
1.352312286069929
15.865706383846147
14.478685155174855
11.610806928927925
13.169614658051076
17.74156826593574
11.279561688344916
-3.168460299237966
1.7433650355090884
14.34817545019494
15.331849267329387
20.998458879345407
11.756455185111143
-7.376966369246343
21.77111558168847
9.194923789801368
1.222831845697502
17.489221066746552
10.809003222903053
10.960022707926292
10.460850899606863
12.69702170179604
12.201745314549434
3.6863584880135916
1.7439762558131249
11.046678178579677
17.03958380850067
13.791847051820334
11.992686156761884
15.775487103451196
15.66626846373862
-8.739061376485031
-4.321189764522143
13.179293839370871
11.45166358990492
14.029656672524599
10.79581708774029
15.445005962882103
10.13949840281131
2.2002001044801727
2.116708956382526
17.082426604665475
17.85854655772809
16.516668531280096
15.060707849379936
11.503011024349608
18.777033496246823
11.044616460752021
-3.1736332870627155
17.231128939237735
12.954054849064816
19.872588874412003
19.7624878541882
13.958481378254472
-0.7422830952218398
10.443372219927479
9.432558632330615
14.182873096928486
11.460106499048832
11.303956447222228
18.351989142351442
13.444857930490453
12.72323486654833
11.232539287461194
-2.3964348716997703
13.786390091281433
13.816073187914611
11.259993545532325
13.215861647977084
17.948856794012556
11.57072067741245
-0.45487976219305004
3.3997332534276823
13.866596784196162
13.779949612817694
19.187074512075753
14.83778343762244
11.046152113372184
15.131845697463113
11.32471003801
13.294769548973832
13.22469584135056
17.466798747387077
-7.73203581094625
19.318228837007442
-7.323964388274165
10.8821404576741
