8.105775694582167
6.298275647754101
7.934010928948656
-9.559193011669405
16.109417341700507
8.772019825237457
3.3286302662231146
4.796492792148618
-9.112073886106732
-4.4686100723804625
-12.042160901470304
-5.942715973305466
10.89097489211671
2.9094049590171087
11.643722628906993
20.964742041499015
7.076034722754996
-7.548026105946017
7.618657421172667
-9.470533194767508
11.438159823704094
-7.133361166908441
1.2287742247323727
21.133067159160298
8.767194125490482
-13.634024144167796
11.908170080743165
20.02694060430586
6.7884307011092355
16.627472808364708
18.840252974519565
2.079556458541674
11.082583918564058
1.4822728283000968
9.202461225063514
-13.696032581515801
16.16284402471621
-3.7550407860082107
17.51034380020899
10.253408950086262
6.000445357636615
6.4673673452838525
3.9557652116507023
13.486030508939274
-1.0914977277699642
13.477255348419742
6.812927732065115
20.879765958673378
-9.562641721578009
-7.489184212646868
10.861231123957008
5.762321286260487
13.900096100356471
2.078549473741117
-10.53764705247023
9.327754786399694
-7.720236590194992
-6.835231248212823
4.7865103787709655
11.336403568936712
9.923959381015827
4.951862855065059
17.90993151082811
12.853031250750078
-7.079918599386737
-6.366026494658432
-5.490532058665124
4.707161912859925
12.92546087735001
-2.3169153134701537
-8.510083833957033
9.014286569289544
10.498176754282989
-8.008746342347592
9.484711652089963
11.303084872786938
-6.441072508093416
14.489383560672842
15.322536296308703
8.411687166685775
10.900365715863023
-3.282540132410511
-11.269512671274828
9.749628207182186
11.10160076419565
7.409767849314392
10.161826259501888
12.811033874176283
-6.247889625243092
-2.4567555787924515
-9.055294876478571
6.345237274294487
12.155616135894489
2.8938698556006743
5.6685954075369605
-12.593510279830802
9.017676449031413
-7.953649312405496
4.770080248130881
-10.971938973561862
-2.8862848554502216
-11.41384347963884
16.97930205704443
4.941740321709943
-10.765633418871742
-8.512602709287316
9.149726687114917
10.18465260383918
12.378070326706403
-2.210843377859608
15.928559673270946
7.433430950943482
-13.282857898197857
2.177651745767661
9.450430527647615
16.702555382398117
11.473086668601038
5.608394545738348
8.848960895300404
-4.072177670605555
-14.517683819553291
8.391663947304728
-5.879296444608552
7.4533492932051635
7.747708474988453
7.296637109064041
-5.699119227815405
15.411384047402136
0.8629114548536281
-4.932089261592303
3.2152158433066877
12.047477390500443
10.956371332550589
6.577994534659338
4.144713704675127
4.9682969721078205
10.167575863724135
-5.173685303666273
8.724389425651488
3.477368476814869
13.97614168534912
8.447774850335339
13.021171030248412
2.5507089292608662
-10.801262318403996
-13.616720640874522
-9.155516268235655
13.650719920533994
2.7726100375009604
1.133516676211216
9.695476358757885
9.619727693052093
-1.7100745903982215
4.039111455143592
10.378485284718707
14.47018104884441
11.147915768177391
11.608995272639387
10.59008892331482
12.660666341715856
-0.1507213348333576
-9.238096078802993
13.624239963323575
21.55546555818959
2.164974303580821
13.865735517216438
15.874818735846432
-12.269575929093968
11.373048640901057
-6.39350388242991
18.479904000549865
-3.682270964781198
20.180936706112632
6.494261311127765
0.8536888076645388
-4.230054311185551
8.596727303778405
-9.601244303350276
6.578023067119421
10.787364503395366
-5.449386978464256
11.003747289914127
13.590794575950596
-2.739017271895553
-11.597970088285741
-4.795533909873072
13.030464709432147
11.516676179510794
15.155351050076245
10.200227895756452
8.309755912513157
12.21001025152277
-4.293440800546884
-1.595598963907319
3.637406421846231
7.760833010888991
-9.648183357897125
12.348955789887704
-13.68161308546107
13.500206832686889
