0.3833606243133545
1.0
19.282085905349795
0.3672776222229004
1.0
19.13869598765432
0.3164806365966797
1.0
19.467954282407405
0.30548930168151855
1.0
22.38467261904762
0.3199758529663086
1.0
24.92042824074074
0.3571202754974365
1.0
24.80439814814815
0.2962915897369385
1.0
18.55830439814815
0.3218960762023926
1.0
16.983024691358025
0.3800361156463623
1.0
17.797067901234573
0.38217735290527344
1.0
19.29012345679012
0.35344886779785156
1.0
14.31351273148148
0.3363826274871826
1.0
16.238667052469133
0.36903882026672363
1.0
17.861046810699587
0.3908116817474365
1.0
17.715084876543212
0.3595550060272217
1.0
18.41198442760943
0.3258399963378906
1.0
17.093592171717173
0.384441614151001
1.0
16.538906695156694
0.34338974952697754
1.0
19.784432870370367
0.3105506896972656
1.0
20.021144943019937
0.2895965576171875
1.0
16.900628306878307
0.41255688667297363
1.0
17.448881172839506
0.4049813747406006
1.0
18.137297453703702
0.3365793228149414
1.0
15.211805555555557
0.3284749984741211
1.0
19.29076646090535
0.29735684394836426
1.0
17.991255144032923
0.28093433380126953
1.0
17.79160236625514
0.34358811378479004
1.0
17.62956532921811
0.30959033966064453
1.0
19.286541005291006
0.30618715286254883
1.0
19.878058862433864
0.2779088020324707
1.0
23.354414682539677
0.33644604682922363
1.0
24.65525793650794
0.3155643939971924
1.0
22.63840663580247
0.3841114044189453
1.0
23.953269675925924
0.29308652877807617
1.0
21.71802662037037
0.299985408782959
1.0
15.68923611111111
0.27774596214294434
1.0
15.617283950617283
0.35645174980163574
1.0
16.662533068783066
0.26407361030578613
1.0
19.935619212962962
0.29625678062438965
1.0
19.43369708994709
0.2841477394104004
1.0
21.1121632996633
0.2931809425354004
1.0
20.481639309764308
0.308119535446167
1.0
20.06630979938272
0.26916933059692383
1.0
19.297927188552187
0.3519551753997803
1.0
20.805713383838384
0.33289241790771484
1.0
21.044823232323232
0.31520795822143555
1.0
20.63946759259259
0.2977161407470703
1.0
19.179144965277782
0.3041040897369385
1.0
18.53491512345679
0.3185579776763916
1.0
21.115451388888893
0.3022596836090088
1.0
20.029658564814817
0.29277801513671875
1.0
23.756269290123456
0.29696011543273926
1.0
16.38463371459695
0.3016343116760254
1.0
16.791859567901234
0.2870633602142334
1.0
18.594576719576715
0.312253475189209
1.0
17.87181712962963
0.3086063861846924
1.0
16.83810763888889
0.30208802223205566
1.0
15.73832947530864
0.2952251434326172
1.0
17.663483796296298
0.25154900550842285
1.0
17.888783670033668
0.30220603942871094
1.0
17.137521043771045
0.3418111801147461
1.0
20.420450498575498
0.2568976879119873
1.0
18.12548225308642
0.3330221176147461
1.0
18.859747023809526
0.3150820732116699
1.0
19.58175505050505
0.28622961044311523
1.0
16.853137860082306
0.3058643341064453
1.0
16.649884259259256
0.3036074638366699
1.0
15.544770622895623
0.2921581268310547
1.0
18.68427579365079
0.3099966049194336
1.0
14.198495370370368
0.3320167064666748
1.0
14.506448412698413
0.3014850616455078
1.0
14.097222222222223
0.23958873748779297
1.0
15.30787037037037
0.28334522247314453
1.0
18.418113425925927
0.3967411518096924
1.0
19.014550264550262
0.2638587951660156
1.0
21.43916377314815
0.30281758308410645
1.0
19.08709490740741
0.2916224002838135
1.0
20.542646011396013
0.30354857444763184
1.0
19.11639178240741
0.3183102607727051
1.0
21.48016624579125
0.30725693702697754
1.0
20.30888310185185
0.3332498073577881
1.0
21.399594907407405
0.3007848262786865
1.0
20.197627314814817
0.31580138206481934
1.0
17.36014660493827
0.36541008949279785
1.0
19.94667658730159
0.3234272003173828
1.0
18.01685474537037
0.3258402347564697
1.0
21.94675925925926
0.3181116580963135
1.0
19.35448232323232
0.32605791091918945
1.0
21.49486400462963
0.32108402252197266
1.0
23.145254629629633
0.23797988891601562
1.0
24.35329861111111
0.3031175136566162
1.0
24.9979332010582
0.341275691986084
1.0
27.14905753968254
0.311068058013916
1.0
26.264467592592595
0.24259686470031738
1.0
26.245453042328045
0.26835155487060547
1.0
27.373408564814813
0.30832958221435547
1.0
16.030919312169313
0.31185364723205566
1.0
16.355820105820108
0.3551783561706543
1.0
17.987557870370374
0.3304908275604248
1.0
15.459587191358025
0.33178281784057617
1.0
15.715060763888888
0.31499552726745605
1.0
15.049913194444445
0.3165702819824219
1.0
16.952803497942384
0.30308103561401367
1.0
16.532118055555557
0.33095526695251465
1.0
17.859953703703702
0.29901814460754395
1.0
17.49214616402116
0.28074002265930176
1.0
17.628922325102884
0.30814266204833984
1.0
16.344762731481485
0.31554126739501953
1.0
16.391493055555557
0.3074376583099365
1.0
21.8505658436214
0.29975366592407227
1.0
19.98526936026936
0.3210763931274414
1.0
21.28298611111111
0.3148319721221924
1.0
21.826700498575498
0.3405022621154785
1.0
24.88570601851852
0.27449631690979004
1.0
21.04890046296296
0.33132505416870117
1.0
22.891830632716054
0.2822299003601074
1.0
20.08101851851852
0.262286901473999
1.0
24.029947916666664
0.30379343032836914
1.0
21.635320216049383
0.29856061935424805
1.0
20.39396367521368
0.29249095916748047
1.0
18.94408831908832
0.3196218013763428
1.0
19.27025462962963
0.30258655548095703
1.0
18.61374158249158
0.3369636535644531
1.0
19.91869212962963
0.3394656181335449
1.0
20.84426440329218
0.34574127197265625
1.0
19.194023569023567
0.2926313877105713
1.0
20.52662037037037
0.28986120223999023
1.0
19.568039021164022
0.26599597930908203
1.0
18.411458333333336
0.2536499500274658
1.0
17.197007275132275
0.31632566452026367
1.0
19.754050925925927
0.3019242286682129
1.0
20.85230195473251
0.25551724433898926
1.0
17.10865162037037
0.26011109352111816
1.0
19.952388468013467
0.29930973052978516
1.0
20.610210905349792
0.2470989227294922
1.0
22.8051054526749
0.2780606746673584
1.0
20.79121656378601
0.2727353572845459
1.0
20.037615740740737
0.26529932022094727
1.0
20.000321502057616
0.28510236740112305
1.0
18.884548611111107
0.30081915855407715
1.0
20.809606481481485
0.24663615226745605
1.0
21.30121527777778
0.277148962020874
1.0
21.262686965811966
0.27228832244873047
1.0
19.75752314814815
0.2865259647369385
1.0
22.11910774410774
0.3132646083831787
1.0
18.76028806584362
0.2972428798675537
1.0
19.739872685185187
0.2556183338165283
1.0
20.169270833333332
0.25351572036743164
1.0
20.968915343915345
0.29142022132873535
1.0
17.30815972222222
0.27434253692626953
1.0
19.25419560185185
0.3118727207183838
1.0
16.18453414351852
0.2909231185913086
1.0
19.077546296296298
0.2767925262451172
1.0
18.87615740740741
0.2763702869415283
1.0
19.413258744855966
0.25821471214294434
1.0
18.493529040404045
0.2539505958557129
1.0
16.22816708754209
0.29452037811279297
1.0
17.13179976851852
0.2963874340057373
1.0
19.33087384259259
0.2610311508178711
1.0
18.579282407407405
0.2648348808288574
1.0
20.32009548611111
0.30083131790161133
1.0
20.855654761904763
0.28072404861450195
1.0
20.266685956790127
0.244887113571167
1.0
23.51128472222222
0.28122901916503906
1.0
24.616608796296294
0.3011767864227295
1.0
23.751157407407405
0.27850890159606934
1.0
24.015239197530867
0.259319543838501
1.0
21.903267450142444
0.2553884983062744
1.0
24.733434606481485
0.26210761070251465
1.0
22.698074494949495
0.34240150451660156
1.0
18.818721064814817
0.42224764823913574
1.0
23.435185185185187
0.31072545051574707
1.0
18.904803240740744
0.29467058181762695
1.0
23.254243827160494
0.3225667476654053
1.0
24.300925925925927
0.311413049697876
1.0
20.890118634259263
0.3090524673461914
1.0
23.591435185185183
0.29818201065063477
1.0
22.790930134680135
0.3021864891052246
1.0
22.6709587191358
0.31864428520202637
1.0
22.81611689814814
0.32082056999206543
1.0
19.13795405982906
0.31017112731933594
1.0
20.3026279956427
0.3014664649963379
1.0
19.74893162393162
0.2966303825378418
1.0
16.226341230936818
0.3281686305999756
1.0
17.95159556878307
0.28934240341186523
1.0
16.89699074074074
0.276686429977417
1.0
20.57002314814815
0.25482702255249023
1.0
20.80790082846004
0.2567780017852783
1.0
17.91576244212963
0.3245112895965576
1.0
18.57193732193732
0.338001012802124
1.0
19.47938924501424
0.2928147315979004
1.0
20.61668113425926
0.3087656497955322
1.0
20.445379273504273
0.28476572036743164
1.0
19.527006172839506
0.28546738624572754
1.0
20.499243233618238
0.3050715923309326
1.0
19.98456790123457
0.29355835914611816
1.0
19.622685185185183
0.3160555362701416
1.0
19.16708002645503
0.29797983169555664
1.0
20.42700066137566
0.3192112445831299
1.0
23.6821136039886
0.30532026290893555
1.0
21.97410300925926
0.2707357406616211
1.0
17.20746527777778
0.3118870258331299
1.0
17.63454861111111
0.2814316749572754
1.0
19.231902356902353
0.2781715393066406
1.0
20.03645833333333
0.28143858909606934
1.0
22.94294945987654
0.30134129524230957
1.0
23.67283950617284
0.31052613258361816
1.0
21.394262566137566
0.30284929275512695
1.0
19.765625
0.33187365531921387
1.0
16.693913966049383
0.314861536026001
1.0
16.21600115740741
0.3067784309387207
1.0
19.625
0.31594371795654297
1.0
18.266782407407412
0.2530100345611572
1.0
16.62210648148148
0.30163002014160156
1.0
15.66757605820106
0.34104490280151367
1.0
16.62551440329218
0.2679941654205322
1.0
18.117972883597883
0.2785370349884033
1.0
18.91312210648148
0.28881216049194336
1.0
17.63847552910053
0.2990150451660156
1.0
15.104955808080808
0.3386189937591553
1.0
20.087962962962962
0.30062174797058105
1.0
17.97006523569024
0.31452035903930664
1.0
17.76954237891738
0.2978546619415283
1.0
14.625128600823047
0.3162100315093994
1.0
20.111762152777775
0.27299976348876953
1.0
16.792403198653197
0.2764554023742676
1.0
18.339120370370374
0.2723731994628906
1.0
15.764612268518517
0.2913947105407715
1.0
15.914351851851855
0.3195786476135254
1.0
17.19929665242165
0.3255128860473633
1.0
18.97537294238683
0.2937922477722168
1.0
18.273292824074073
0.3207573890686035
1.0
19.466145833333332
0.3042566776275635
1.0
21.322337962962965
0.4094538688659668
1.0
21.98846726190476
0.3279428482055664
1.0
20.484375
0.3362081050872803
1.0
20.582175925925924
0.306288480758667
1.0
20.178364748677247
0.3308072090148926
1.0
20.507557189542485
0.30246520042419434
1.0
18.96267361111111
0.34808945655822754
1.0
22.18315972222222
0.3123338222503662
1.0
22.910879629629626
0.29921412467956543
1.0
19.445891203703702
0.2726593017578125
1.0
17.72648358585859
0.2639303207397461
1.0
17.619116512345677
0.2422797679901123
1.0
15.395833333333332
0.25060224533081055
1.0
19.778251262626263
0.25637078285217285
1.0
17.600827991452988
0.35259008407592773
1.0
17.794725529100532
0.323793888092041
1.0
18.161995701058203
