0.5197360515594482
0.5420440046932344
23.399305555555557
0.20521116256713867
0.4941803212342374
22.191358024691354
0.19066452980041504
0.5670229084453221
22.040895061728396
0.18143606185913086
0.5740386369696714
22.045454545454547
0.18012189865112305
0.5524487496841036
20.90972222222222
0.18660855293273926
0.5791575290088453
22.040895061728392
0.1878964900970459
0.6101426232345774
19.86545138888889
0.1881239414215088
0.5478604696430783
18.741319444444446
0.19129705429077148
0.5957088489408622
17.800925925925927
0.20376825332641602
0.5300608754982197
19.371843434343432
0.19214797019958496
0.4900546427039623
19.476010101010104
0.18573737144470215
0.4782340033067533
19.227430555555557
0.18549346923828125
0.5006088125824143
19.193218954248366
0.1979694366455078
0.5088695677260359
18.14903846153846
0.1868124008178711
0.5520468775492596
20.215773809523807
0.23059773445129395
0.5602865293486516
17.771650326797385
0.18627238273620605
0.5153961292737014
17.819940476190478
0.20007562637329102
0.4947138819275748
22.531828703703706
0.18578171730041504
0.46663602114752806
21.180555555555557
0.19826698303222656
0.43177527355790424
16.152777777777775
0.1926567554473877
0.42035818967589567
17.63888888888889
0.18523144721984863
0.4600776865482748
16.625
0.18175196647644043
0.4055509990150933
16.583867521367527
0.18674778938293457
0.5404988922597281
17.20619658119658
0.18837928771972656
0.4970598590553472
18.235479797979796
0.18225407600402832
0.45660335755105447
18.368055555555554
0.1857619285583496
0.42907048433260087
17.23263888888889
0.1889972686767578
0.3942836953918072
18.094618055555554
0.1849651336669922
0.5465666293408447
20.891203703703702
0.18390870094299316
0.5436110890109969
19.876893939393938
0.1848769187927246
0.5042677562302654
25.02314814814815
0.18672680854797363
0.5313717398642096
23.22420634920635
0.18636202812194824
0.5841341504074332
21.83159722222222
0.19707059860229492
0.5986632998575386
19.032738095238095
0.23649311065673828
0.49694812433942875
16.875
0.18425607681274414
0.5239490718621153
14.216820987654323
0.1863541603088379
0.5469112030334738
16.8016975308642
0.18459510803222656
0.5681313312282362
16.934974747474747
0.18327546119689941
0.6225166958036812
20.447916666666664
0.18329453468322754
0.5749714495194637
19.759837962962962
0.23346734046936035
0.6156379635172204
21.022970085470085
0.19326400756835938
0.5479745921685499
20.09176587301587
0.1852247714996338
0.571357843137107
19.482060185185187
0.19468045234680176
0.4899091733161804
22.682291666666668
0.23958754539489746
0.5821183445436169
20.56857638888889
0.18535137176513672
0.4662996226325665
23.271329365079367
0.18484759330749512
0.5107156457254819
19.80251736111111
0.18488478660583496
0.5205255703131457
19.685457516339866
0.1944103240966797
0.48153478712762793
19.932598039215684
0.1810140609741211
0.5174716335797729
20.83829365079365
0.18710947036743164
0.5611221291931598
21.927083333333332
0.18327069282531738
0.48790535692124587
16.43012152777778
0.19497323036193848
0.45313242429738515
17.167075163398692
0.17708182334899902
0.4366079228173615
19.16898148148148
0.20612025260925293
0.4445583781827402
15.585317460317459
0.19501161575317383
0.48318084953816226
16.949404761904763
0.18367671966552734
0.3892428729142583
16.010599415204677
0.18523526191711426
0.3843266632955703
17.575757575757574
0.1840665340423584
0.4757138396598241
20.002480158730158
0.17863249778747559
0.4981483839218221
15.886752136752138
0.1832118034362793
0.5479158128517647
19.459635416666664
0.18226861953735352
0.5603637943322873
20.78792735042735
0.18577170372009277
0.556250239355078
18.444444444444443
0.18007707595825195
0.4980093383253757
18.535353535353536
0.1838061809539795
0.5216599818458364
17.253086419753085
0.18166494369506836
0.4895936686807821
19.190972222222225
0.1818525791168213
0.5513698281732337
17.92929292929293
0.18454337120056152
0.4979148090162943
17.447916666666668
0.18502092361450195
0.4818363804036775
15.906635802469136
0.1823263168334961
0.4520917448225569
15.455246913580247
0.1855792999267578
0.4526592719273476
14.112103174603176
0.1875748634338379
0.4394411744063448
16.09375
0.18419170379638672
0.4682909979357098
17.244318181818183
0.19765663146972656
0.4753415515335019
19.011752136752133
0.1798408031463623
0.5198860657850312
19.97596153846154
0.18540263175964355
0.5643171380270225
19.471153846153847
0.18489432334899902
0.4956899103112198
21.089409722222225
0.19593358039855957
0.5072585647531063
19.973290598290596
0.18662261962890625
0.519785888729387
19.799679487179485
0.17928481101989746
0.568521754650653
22.133838383838384
0.1865379810333252
0.5581042454746773
19.971064814814817
0.18813371658325195
0.5097966534896028
21.053240740740737
0.18397951126098633
0.506985418147139
17.210648148148145
0.19154715538024902
0.44597071343509653
19.123263888888893
0.1910417079925537
0.46395534043664305
18.110119047619047
0.2132558822631836
0.5365101122322109
19.62847222222222
0.19940876960754395
0.5025789379778561
19.020833333333332
0.20628142356872559
0.5203366810516753
20.27777777777778
0.20268535614013672
0.5409175923371248
21.961805555555557
0.21195626258850098
0.5756313713656271
23.174189814814813
0.2124927043914795
0.6221789852324807
24.25347222222222
0.20724105834960938
0.6711475742475055
29.159226190476193
0.19722795486450195
0.6294650610887608
24.777199074074076
0.2062969207763672
0.5960705806912376
23.680555555555554
0.21572041511535645
0.638192863402819
22.099116161616163
0.2014930248260498
0.5429352425750275
17.80902777777778
0.20237326622009277
0.5535551024391605
15.889756944444446
0.20419645309448242
0.4912188997118308
18.020833333333332
0.20839571952819824
0.5105717466866893
15.148809523809522
0.1782093048095703
0.5409716225803183
17.555555555555557
0.20828604698181152
0.46020333772507693
17.3828125
0.20644521713256836
0.43660232199362636
16.790123456790123
0.20491290092468262
0.3955513784461154
15.714285714285714
0.20710086822509766
0.46220371416023587
17.490079365079364
0.17876601219177246
0.42595707191359367
18.06857638888889
0.23105931282043457
0.47857231174622467
17.921626984126984
0.17197561264038086
0.49531771060073193
20.38966049382716
0.1935746669769287
0.5098667726423713
18.275462962962965
0.17493796348571777
0.4991660916398757
19.902146464646464
0.18375372886657715
0.5148050047142503
19.014756944444443
0.17837858200073242
0.5798173926998049
20.10648148148148
0.17480778694152832
0.6058382737515987
21.5895061728395
0.17214012145996094
0.6022662028081864
21.785714285714285
0.17670392990112305
0.6144885872250492
21.370370370370374
0.17060399055480957
0.5580097022595613
22.34775641025641
0.1927778720855713
0.5472791990697724
21.238425925925927
0.17278671264648438
0.48240972346375516
21.672453703703706
0.17553138732910156
0.5990688591391985
20.26909722222222
0.16987133026123047
0.6085938761650336
18.99621212121212
0.17311644554138184
0.5232308706479967
18.968545751633986
0.17168521881103516
0.5450193096791299
19.2609126984127
0.16644835472106934
0.5119959388637181
18.582175925925927
0.17211246490478516
0.5376595166591174
18.868634259259256
0.1775822639465332
0.5312870551864859
20.410353535353536
0.17718291282653809
0.5213207847210717
18.589015151515152
0.17245006561279297
0.505067472377
23.02662037037037
0.17035531997680664
0.490576941397788
18.364197530864192
0.17022919654846191
0.5465845671670597
20.50154320987654
0.18613672256469727
0.5195998353351293
16.96924603174603
0.1679537296295166
0.4370501720592507
16.21843434343435
0.17064309120178223
0.4572741697260084
16.744791666666668
0.16597700119018555
0.4987808706230744
17.078993055555557
0.18128490447998047
0.5777350370379709
21.972853535353536
0.1691725254058838
0.5151892437123702
23.173611111111114
0.17264890670776367
0.5577151468294405
22.28009259259259
0.16981959342956543
0.5492643956855553
21.07060185185185
0.17904949188232422
0.5835471107189683
19.565972222222225
0.1678323745727539
0.6040571017920001
20.396412037037035
0.16949248313903809
0.5820885275805118
20.93402777777778
0.16959190368652344
0.5663337231777619
20.052083333333336
0.16725564002990723
0.5568244415612837
22.34027777777778
0.16922378540039062
0.5890571702849887
22.481303418803414
0.16834282875061035
0.5461620269250715
23.504050925925927
0.1717371940612793
0.5678539498066194
20.74810606060606
0.16998696327209473
0.5405589202614448
21.281565656565657
0.16861343383789062
0.49293454644419116
23.624131944444443
0.16835761070251465
0.55480717716537
23.20707070707071
0.1673870086669922
0.5468139619361393
18.809974747474744
0.16779875755310059
0.5289902174073892
18.519570707070706
0.1747119426727295
0.45612343928133403
18.253205128205128
0.16579556465148926
0.46374544729033895
16.97222222222222
0.16750049591064453
0.5054203475176907
16.335227272727273
0.1743783950805664
0.5462141535673269
19.53125
0.17317867279052734
0.5750187019408145
20.032242063492067
0.16610336303710938
0.50815415925172
20.6969246031746
0.1696028709411621
0.4692324880528082
18.153409090909093
0.16719460487365723
0.4592787322868218
16.174768518518523
0.1725168228149414
0.517418613643337
16.837606837606835
0.17393040657043457
0.5139291393465967
20.131944444444446
0.17521119117736816
0.5156651842575142
20.325126262626263
0.16632962226867676
0.5009078328836393
21.19949494949495
0.18670868873596191
0.4549295888061183
17.59548611111111
0.16935038566589355
0.490476427162709
21.006944444444443
0.17090916633605957
0.49710758656233084
20.81404320987654
0.17089390754699707
0.5399130692134083
21.273148148148145
0.17429113388061523
0.5350234324269169
21.906250000000004
0.16856813430786133
0.5091010655731216
21.49305555555555
0.16901588439941406
0.5132623042675782
23.74652777777778
0.17147135734558105
0.5048361705994447
22.7991452991453
0.16988182067871094
0.5293339397298502
20.23842592592593
0.19375276565551758
0.5116238993083463
19.571759259259256
0.23113799095153809
0.4874491975240614
22.233796296296294
0.23367762565612793
0.5300619893589765
19.052083333333332
0.2303323745727539
0.46532108434396685
21.15575396825397
0.23062610626220703
0.4918818668874597
24.728009259259263
0.22986149787902832
0.4977735494833487
25.00496031746032
0.23883628845214844
0.5308712061175663
23.161764705882355
0.236586332321167
0.5084575265278348
22.700163398692812
0.22953343391418457
0.5239755722728375
20.066550925925927
0.23320960998535156
0.5187427951142298
19.068287037037038
0.19462108612060547
0.4955445773833661
21.554330065359476
0.19172286987304688
0.4805426140788248
20.360243055555557
0.19984889030456543
0.47463942366757533
16.81597222222222
0.19740605354309082
0.45736765259842443
18.01549145299145
0.18874859809875488
0.47829238164758425
17.900462962962965
0.19812893867492676
0.5153667049116938
20.393518518518515
0.19680380821228027
0.5482809689225107
20.1984126984127
0.19177913665771484
0.5511456816685087
17.576388888888893
0.23182153701782227
0.43397546838610607
18.71710526315789
0.19144248962402344
0.47841676203045236
18.065767973856207
0.1921393871307373
0.49142723367418767
19.305555555555554
0.19840407371520996
0.538229750017164
19.393382352941178
0.19190764427185059
0.4932798522926987
19.13773148148148
0.19155621528625488
0.498432327995942
17.962239583333336
0.18981146812438965
0.44505907755703306
18.722718253968253
0.19015097618103027
0.48358519995191634
20.431134259259256
0.20037126541137695
0.5587092329896151
20.178952991452995
0.24308180809020996
0.5822674686697783
19.78632478632479
0.18664836883544922
0.5506908016565462
20.575396825396826
0.2403092384338379
0.5200907603259244
19.99710648148148
0.19065189361572266
0.5460380235925807
18.669871794871796
0.18880033493041992
0.5142495688162464
18.831018518518523
0.185469388961792
0.5603058731876238
18.19128787878788
0.20844578742980957
0.5145341479358307
19.453703703703702
0.19122695922851562
0.5208346523025331
22.583333333333332
0.18436908721923828
0.5519549760648722
23.46064814814814
0.18878388404846191
0.6046924802187957
25.038194444444446
0.1888141632080078
0.5296263349740661
19.1635101010101
0.2093052864074707
0.4964661296354651
16.760149572649574
0.18968582153320312
0.47893407647538055
17.64236111111111
0.20316052436828613
0.47364699196386245
18.993055555555557
0.18834543228149414
0.5347259959860088
18.726851851851848
0.1982736587524414
0.4828373427293612
20.11904761904762
0.18605899810791016
0.542175679358342
17.155448717948715
0.18638157844543457
0.5683008966049762
18.569444444444446
0.24703073501586914
0.4983197663809119
20.68576388888889
0.18398833274841309
0.481673601404025
20.63078703703704
0.2143716812133789
0.4703237139652021
17.2885101010101
0.23094534873962402
0.4460531574477257
16.675925925925927
0.1892561912536621
0.4583336250063956
17.52314814814815
0.18602561950683594
0.48616318070388587
16.16720085470086
0.18416976928710938
0.471941925333193
16.680555555555554
0.1868894100189209
0.49119205066297933
16.857638888888886
0.24329304695129395
0.41567401626103556
15.969328703703702
0.1968684196472168
0.4636191755410118
14.569978632478634
0.1877148151397705
0.48423833688415463
16.024305555555557
0.18488097190856934
0.5445035081081591
16.564542483660134
0.18402481079101562
0.4759353198505958
18.333333333333336
0.21580839157104492
0.48253931054240884
18.5162037037037
0.18339824676513672
0.578611538226429
18.990384615384613
0.23486971855163574
0.5919896148267811
19.494357638888893
0.1932694911956787
0.5889078777852854
20.789351851851855
0.23668742179870605
0.5299071083491698
18.57638888888889
0.2004098892211914
0.5817144387133493
20.12050653594771
0.19521784782409668
0.5648776570144363
19.027777777777782
0.20368170738220215
0.5234292000158132
18.407118055555557
0.17906761169433594
0.5427985244933975
22.527006172839506
0.20723867416381836
0.5242840704682485
20.80882352941176
0.2022109031677246
0.5218568973235274
20.696614583333332
0.20508265495300293
0.5584876277101837
20.93341503267974
0.19763946533203125
0.5355728376701897
22.433035714285715
0.20116090774536133
0.5042762941594375
20.892094017094017
0.21330976486206055
0.46637128472784106
18.24537037037037
0.1720900535583496
0.481264410444003
16.95023148148148
0.17249798774719238
0.4950263844101255
16.097222222222218
0.17156338691711426
0.4702534652187146
19.177350427350426
0.17382574081420898
0.44910437896921285
16.131944444444443
0.17624974250793457
0.44345567026986316
15.335648148148149
0.17460060119628906
0.4371182914322341
16.19212962962963
