0.31433844566345215
0.698944254846052
21.231060606060602
0.31392335891723633
0.6505883212693885
22.25
0.23555374145507812
0.656507860064072
21.531249999999996
0.26364898681640625
0.713487687445418
21.377314814814813
0.27087831497192383
0.7034058686339
22.64756944444445
0.2840609550476074
0.6756838188967409
22.08829365079365
0.2555716037750244
0.7182081820302709
19.8828125
0.24806737899780273
0.6751291724914913
17.8968253968254
0.3286252021789551
0.7008451714128877
18.049768518518523
0.3146243095397949
0.6822495065301193
19.053819444444443
0.26030707359313965
0.6919789280593102
18.27457264957265
0.2586636543273926
0.6450159168023603
18.13888888888889
0.24949145317077637
0.6731880585969517
20.439814814814813
0.25441551208496094
0.6439275423073971
17.566550925925924
0.2343122959136963
0.7280872068070728
18.587962962962962
0.26778483390808105
0.6813444658701097
18.37549603174603
0.2387831211090088
0.6615365328727738
16.681547619047617
0.22593402862548828
0.6799238309574895
20.56795634920635
0.25917744636535645
0.6947111532665539
20.359623015873012
0.2419140338897705
0.656329403685544
18.706597222222225
0.24907636642456055
0.632686993068872
17.978395061728396
0.2808706760406494
0.6728035961859491
15.748456790123457
0.2615973949432373
0.6708345693485013
14.942129629629632
0.252758264541626
0.6830290680328437
17.63888888888889
0.25359153747558594
0.7107708333297326
18.26073232323232
0.2686800956726074
0.6716331519348206
18.374368686868685
0.2465190887451172
0.6475226543737006
16.649305555555557
0.260378360748291
0.6233472043967285
18.8343253968254
0.30201101303100586
0.629967038458854
20.44753086419753
0.3284895420074463
0.6352125433883218
20.258838383838384
0.2572650909423828
0.6497167181254552
23.4765625
0.25843167304992676
0.6798037411612683
23.476562499999996
0.26696276664733887
0.6525041692163133
20.474537037037038
0.27323246002197266
0.7274473076566227
19.23611111111111
0.26186275482177734
0.6696433370849847
16.689814814814813
0.24944758415222168
0.6478889998890001
13.791035353535353
0.2688429355621338
0.6509188385054487
17.870370370370367
0.268634557723999
0.6847330618464397
15.45673076923077
0.29840874671936035
0.7475583585734571
18.979166666666664
0.2962491512298584
0.7409227106304008
22.039141414141415
0.24046945571899414
0.7751261219871052
21.04700854700855
0.27695584297180176
0.7301472236109666
20.86004273504274
0.237748384475708
0.749467701643881
20.11574074074074
0.24028825759887695
0.6870028350442079
21.319444444444446
0.23742413520812988
0.6887131164536866
20.921296296296298
0.2436060905456543
0.6678928332358753
21.63728632478633
0.22315263748168945
0.6708289677036705
20.45331790123457
0.23633480072021484
0.687066263089447
16.795910493827158
0.289125919342041
0.6962437276694801
20.39290935672515
0.2526123523712158
0.6868394364291176
19.14496527777778
0.24753546714782715
0.7185287916825943
20.240740740740744
0.19953560829162598
0.7032334324060052
17.099780701754383
0.25715041160583496
0.6668153354170407
18.38155864197531
0.25979089736938477
0.662484844547089
18.786892361111107
0.2418839931488037
0.6558027402148987
15.606303418803419
0.28121352195739746
0.6281558643696397
16.104166666666664
0.23334908485412598
0.617616933442533
17.111928104575163
0.21895051002502441
0.5787840628700827
18.442460317460313
0.24461054801940918
0.6351349517459612
16.979166666666664
0.3099243640899658
0.6560667748380768
17.72970085470086
0.30191469192504883
0.707826314103563
18.899739583333332
0.27947115898132324
0.7248714090787264
20.287037037037035
0.3159370422363281
0.7236636740097935
18.44017094017094
0.30558156967163086
0.7051086931745827
17.732371794871796
0.30857014656066895
0.7106376180360526
17.40451388888889
0.3008565902709961
0.6766290020785213
19.591049382716054
0.2952721118927002
0.698613999389741
17.80448717948718
0.31214213371276855
0.715870294909227
17.600308641975307
0.2938723564147949
0.7077711523257498
15.84201388888889
0.26315760612487793
0.6642425372826255
15.460069444444446
0.23354601860046387
0.6328733659729281
15.771604938271603
0.2522249221801758
0.7051399768892033
17.73871527777778
0.2959129810333252
0.6595878834281412
16.34027777777778
0.268474817276001
0.6762784483527517
18.099747474747474
0.23077607154846191
0.693995824553478
20.21701388888889
0.23656511306762695
0.6980907554848504
19.48183760683761
0.21877551078796387
0.6640034507556973
19.48450854700855
0.29364776611328125
0.670707952699752
18.46875
0.2921576499938965
0.7045050503138741
20.64236111111111
0.2854573726654053
0.7405108847676619
19.91720085470086
0.3050575256347656
0.7083322543723007
21.638888888888893
0.24766755104064941
0.699691891333447
21.059027777777775
0.23509597778320312
0.6927693079638052
20.53125
0.32961606979370117
0.658201593876036
19.570707070707076
0.3027503490447998
0.6734163429756573
18.489583333333332
0.27074480056762695
0.7318662690562024
20.859375
0.22343873977661133
0.7078687013785057
20.032051282051277
0.22191548347473145
0.7060449246034328
20.15224358974359
0.2746591567993164
0.7155273055305513
21.639384920634928
0.2722601890563965
0.7024277417190654
25.714699074074073
0.2796437740325928
0.7140732895780934
24.175347222222225
0.2679014205932617
0.7778262202511369
26.649305555555557
0.29242396354675293
0.7721448613271227
26.82692307692308
0.2400660514831543
0.7163862340309209
24.776785714285715
0.2893862724304199
0.7706251985743906
22.054924242424242
0.25567173957824707
0.6639527111316432
15.307539682539682
0.2503397464752197
0.6004766461608566
13.958333333333334
0.23719501495361328
0.585120770160718
16.82986111111111
0.27062129974365234
0.6140683406770363
14.246031746031747
0.2609426975250244
0.7240604709300361
14.902777777777777
0.2879621982574463
0.6893775692906127
15.790895061728394
0.260392427444458
0.6271686681541756
18.059895833333332
0.30290770530700684
0.6651144021670337
15.991512345679013
0.26734375953674316
0.6562715253218683
16.84027777777778
0.25951051712036133
0.6113603835777751
17.369791666666664
0.29767751693725586
0.6435275449188494
17.891865079365083
0.24807262420654297
0.6760505783052949
19.569444444444446
0.2331070899963379
0.6521153205733051
19.27951388888889
0.2607274055480957
0.6704289930450921
19.72222222222222
0.2299027442932129
0.6821504220304789
19.685185185185183
0.2277991771697998
0.7417736017420352
20.155092592592595
0.26753878593444824
0.7598641685652334
22.040895061728392
0.22969651222229004
0.7692698730515962
23.324652777777782
0.24732685089111328
0.7204840874367057
21.939814814814813
0.2231273651123047
0.6819410905049761
22.144764957264957
0.30890774726867676
0.6934190184821084
19.5703125
0.22092056274414062
0.6614457857542405
20.009920634920636
0.255281925201416
0.7330645002517346
20.68287037037037
0.25127410888671875
0.7266995788763743
18.993055555555557
0.24040579795837402
0.7290957139509865
18.919526143790847
0.23361730575561523
0.7370514744663351
19.136904761904763
0.23278141021728516
0.699773382546168
17.98344017094017
0.22837090492248535
0.7053942243375428
18.73106060606061
0.2345273494720459
0.7041611691837647
20.454545454545453
0.252269983291626
0.7020427956379969
18.902777777777775
0.2451937198638916
0.6562273425147022
20.590277777777775
0.23621797561645508
0.6690943962983975
17.664930555555557
0.23975205421447754
0.7214924424347178
18.236882716049383
0.21560907363891602
0.6892283596160539
18.124999999999996
0.21674799919128418
0.6707745854097191
17.704475308641975
0.22191309928894043
0.6228743591616142
19.189814814814813
0.23170208930969238
0.7190823306466883
17.31770833333333
0.22182583808898926
0.741486148709134
22.196969696969695
0.27112770080566406
0.6636618368675894
22.010732323232325
0.23175907135009766
0.6938616361653942
22.24826388888889
0.2530786991119385
0.7006385013849191
21.206597222222225
0.23742890357971191
0.7307459294396578
23.303571428571427
0.21923184394836426
0.7586213716622324
19.580662393162388
0.25491905212402344
0.7272390556161802
21.574074074074076
0.25145649909973145
0.7334479251471543
25.088734567901234
0.21637606620788574
0.7095321015452409
21.710069444444443
0.21088266372680664
0.7198259131135238
20.595619658119656
0.22120022773742676
0.732351364534027
24.308449074074073
0.2791907787322998
0.7289002865460036
20.096153846153847
0.2243809700012207
0.7074389415947475
21.443865740740744
0.22146296501159668
0.6345887824208509
22.951388888888893
0.2509915828704834
0.7129168733320966
23.396464646464644
0.25928187370300293
0.6924622057015637
18.77840909090909
0.22444534301757812
0.6798657376056848
19.39043209876543
0.2359447479248047
0.6329756917712575
19.290123456790123
0.2191638946533203
0.621292819187556
17.288194444444446
0.22592902183532715
0.6089694582756647
17.126736111111114
0.21393299102783203
0.6813048940789668
17.849893162393162
0.22130894660949707
0.6962307517085295
19.67147435897436
0.23727750778198242
0.6609884378305432
18.443287037037035
0.24164628982543945
0.6528937584022224
17.572337962962962
0.22848200798034668
0.680372001875048
17.297979797979796
0.20692968368530273
0.6773934681166793
16.782407407407405
0.21057415008544922
0.6650408508140957
19.739583333333332
0.2395646572113037
0.6328535351693996
19.24382716049383
0.22092700004577637
0.6631773686991903
20.119949494949495
0.2183244228363037
0.6316198445367293
19.745370370370367
0.21559524536132812
0.6788630266284543
19.80654761904762
0.20772790908813477
0.6161953086019278
20.68576388888889
0.27289342880249023
0.6968754516559266
21.882716049382722
0.22743487358093262
0.6875454633354993
21.196338383838384
0.25774288177490234
0.6904819290851889
21.519097222222225
0.21039986610412598
0.6988949424627575
23.94444444444444
0.22619247436523438
0.650767258396232
21.343482905982906
0.2480933666229248
0.6702381673209887
20.115740740740737
0.30634498596191406
0.6702479820897832
18.99691358024691
0.36092305183410645
0.6761290818722825
22.24537037037037
0.3071863651275635
0.7150047729941451
20.524305555555557
0.2871561050415039
0.708708541072193
23.93518518518518
0.2658882141113281
0.6917222820577459
24.14351851851852
0.28676939010620117
0.6800059563362457
25.39930555555556
0.2945559024810791
0.6730627556336837
22.37962962962963
0.2925131320953369
0.6965120943449999
23.059640522875814
0.27678346633911133
0.6777754847369932
18.810763888888886
0.2786083221435547
0.6838163049938112
19.5734126984127
0.2407538890838623
0.7073296770837668
20.906635802469136
0.2888352870941162
0.6797729650778941
19.212239583333336
0.280764102935791
0.6422994391514208
17.73726851851852
0.273348331451416
0.6767637700489874
18.400462962962965
0.2385387420654297
0.657595760630369
18.225081699346408
0.2374563217163086
0.6435115542106662
18.28125
0.22878122329711914
0.7155074618014603
18.65400326797386
0.24347257614135742
0.6989874407506005
15.947712418300652
0.23214507102966309
0.6549369138776079
19.749228395061724
0.28084707260131836
0.650241268634998
18.546006944444443
0.24366188049316406
0.6624258204936209
19.997829861111107
0.22337746620178223
0.7046649370200062
19.719907407407405
0.20984458923339844
0.6558102958052223
19.136029411764707
0.24469566345214844
0.6825818596493192
18.995098039215687
0.25829505920410156
0.6446119721980799
20.97222222222222
0.2596104145050049
0.6383962780339153
19.730902777777775
0.3014965057373047
0.7117069468518235
19.74950396825397
0.2877490520477295
0.7316362412505477
22.046296296296298
0.3110828399658203
0.6629974238968797
22.35576923076923
0.22356843948364258
0.6709314487306679
19.194444444444443
0.2888984680175781
0.6811587228267739
18.73397435897436
0.270143985748291
0.7021838417724615
18.88573232323232
0.2931833267211914
0.7126121785364405
20.197916666666668
0.3135056495666504
0.6993307469787755
19.868055555555557
0.2425537109375
0.7025089998079322
21.1328125
0.24481773376464844
0.716562164033001
24.195601851851848
0.25711655616760254
0.7474788870957603
20.364583333333336
0.23226380348205566
0.7472422068061272
18.130787037037035
0.23959684371948242
0.6973199365624116
17.922453703703702
0.2986013889312744
0.6544424719019815
17.069444444444446
0.3366658687591553
0.7048482607560878
19.085648148148145
0.29372262954711914
0.7380713502502979
19.71527777777778
0.28972291946411133
0.6595960378528528
19.803240740740744
0.24028921127319336
0.7371993476981019
17.83564814814815
0.31492185592651367
0.6912137652389078
20.266203703703706
0.3059101104736328
0.7058563387797884
21.868055555555554
0.23452377319335938
0.6672150301811257
18.208333333333336
0.30306267738342285
0.644787722254434
16.295405982905983
0.2902843952178955
0.6077203142393937
15.393518518518517
0.2767453193664551
0.655106333957425
16.832264957264957
0.2903101444244385
0.6473025188116094
15.908119658119658
0.31358838081359863
0.6710355222444502
17.642045454545453
0.29457616806030273
0.6626482613193638
17.53125
0.30937623977661133
0.5768480963060914
17.256944444444443
0.23718929290771484
0.6067833757446366
15.381944444444448
0.24391770362854004
0.6648316743163734
15.884081196581198
0.22938156127929688
0.7418965571383375
17.767094017094017
0.25240588188171387
0.6629017750840601
16.984508547008545
0.24126005172729492
0.7340177907384777
18.211805555555554
0.3120841979980469
0.773417810734884
18.23450854700855
0.23979711532592773
0.7167596252120164
19.140624999999996
0.2297213077545166
0.7689696225106472
20.967881944444443
0.23198437690734863
0.7184806109141256
20.457175925925924
0.2958505153656006
0.7288888121317784
19.87962962962963
0.28734636306762695
0.6807800164605718
19.704861111111114
0.27178096771240234
0.6957417524814072
19.141589506172846
0.246720552444458
0.6829401768377228
22.681781045751634
0.24581599235534668
0.7152788684812947
22.169117647058822
0.26523518562316895
0.6869373956442671
20.766559829059823
0.28711891174316406
0.7295210349014045
20.796296296296294
0.24210166931152344
0.6908702003046863
23.530092592592595
0.279956579208374
0.6644199489978571
20.70833333333333
0.23789334297180176
0.6706120407601139
16.40277777777778
0.2173902988433838
0.6802482842036935
14.275793650793648
0.2213132381439209
0.6936704405783729
15.82264957264957
0.2266373634338379
0.6939359897836064
18.990162037037038
0.22399306297302246
0.6262639988703828
19.261574074074076
0.23647046089172363
0.6224613425421683
16.133432539682538
0.26995110511779785
0.6425641506890197
16.540032679738562
