0.3169717788696289
0.8534131026545887
19.06286168981482
0.3466305732727051
0.816339800226997
19.168113425925927
0.35293102264404297
0.8412520559405989
22.2265625
0.30711984634399414
0.8482746299005105
22.154079861111107
0.31345033645629883
0.8488727638694269
21.357060185185187
0.33442211151123047
0.845464562254236
20.41232638888889
0.28594446182250977
0.8601495048161717
19.95322145061728
0.34473538398742676
0.8480824854158188
17.034970238095234
0.28429222106933594
0.8325940037392056
17.18142361111111
0.33370232582092285
0.8371577308156593
16.673177083333336
0.3041114807128906
0.8344743465290828
15.54976851851852
0.29227781295776367
0.8295232545099933
19.76641414141414
0.33775997161865234
0.8521149308698965
18.709309895833332
0.3082313537597656
0.8288076091894121
17.096354166666668
0.38016843795776367
0.8543837282451058
18.021167200854702
0.37717485427856445
0.8486144868611447
18.492254273504276
0.38983607292175293
0.8360699048168623
17.0086185515873
0.3748667240142822
0.8449761412522308
20.13961226851852
0.35776686668395996
0.8475132078834061
20.12386485042735
0.3139944076538086
0.8172282742422804
17.134796626984123
0.2693948745727539
0.8317359693420815
16.80121527777778
0.3573908805847168
0.8305938639568672
18.199266975308642
0.32865190505981445
0.8511105800257067
15.627411265432098
0.4016153812408447
0.851219712976679
17.473169191919194
0.36534833908081055
0.8472825048865221
18.529040404040405
0.3372321128845215
0.8616712669729357
19.337239583333336
0.37131595611572266
0.8356821707131306
16.634657118055557
0.3435375690460205
0.8212944787079934
19.016203703703706
0.40574097633361816
0.8339529035548034
22.248263888888886
0.3535149097442627
0.8190524763667036
21.87554253472222
0.38369321823120117
0.8178329522028425
24.548611111111107
0.4253113269805908
0.833024226233811
20.659722222222225
0.3886280059814453
0.8225909938433678
20.83767361111111
0.3198511600494385
0.837568302683392
19.33097718253968
0.37009263038635254
0.8306587516221383
13.595920138888888
0.32546281814575195
0.8451792158458825
15.295681423611112
0.3431558609008789
0.8107211307249641
20.346602182539687
0.4018251895904541
0.8505812564517499
17.04282407407407
0.3718142509460449
0.8605267316418598
19.515516493055557
0.37377023696899414
0.8435698697658278
20.406177662037038
0.32293128967285156
0.8667583027637396
19.51859085648148
0.36918187141418457
0.8595753993438859
21.038411458333332
0.37682652473449707
0.8411686772261927
19.68710542929293
0.3132014274597168
0.8413574475402993
19.924045138888886
0.3798339366912842
0.838605178498141
20.610894097222225
0.3257334232330322
0.8413295672123123
21.50452628968254
0.37421560287475586
0.8455846532962599
19.797028186274513
0.401594877243042
0.8486351864567282
18.56743706597222
0.35720324516296387
0.8463584153005507
20.678047839506174
0.37148070335388184
0.8559827792026535
20.70839533730159
0.3929777145385742
0.859414889877507
21.070188492063494
0.3353261947631836
0.8567896168100969
15.302372685185183
0.3577232360839844
0.8354971822593726
15.799153645833334
0.3013434410095215
0.8382695460354488
19.17896412037037
0.28867387771606445
0.8222727558249485
16.330656828703702
0.23911547660827637
0.8570389043917251
17.778111645299145
0.2590479850769043
0.8428596621445011
16.145833333333332
0.25225019454956055
0.8160991790911581
19.67158564814815
0.257404088973999
0.8350095496354671
17.73840525793651
0.2851133346557617
0.8430006358399117
17.972005208333332
0.30116772651672363
0.8389384042364195
19.493634259259256
0.23710203170776367
0.8389479467442944
21.04934561965812
0.30757665634155273
0.8538079446248183
19.66880341880342
0.2740778923034668
0.851371172173296
19.49652777777778
0.27493882179260254
0.8554457418778639
15.65222537878788
0.29659247398376465
0.8504901929424491
17.04861111111111
0.23540186882019043
0.8547426094734593
17.336877893518523
0.26251912117004395
0.8598031652431313
18.708457341269842
0.28645753860473633
0.8501283568427616
16.30270337301587
0.28778958320617676
0.8413139999291279
15.459635416666668
0.25331807136535645
0.8415539642176836
14.53125
0.23627614974975586
0.8616113173272616
14.281374007936508
0.30145931243896484
0.8595651464362142
17.713216145833336
0.3457000255584717
0.8439258505512375
19.09613715277778
0.3460519313812256
0.8567254601555742
19.499059606481485
0.33536577224731445
0.8575598956600241
18.164730235042736
0.3416304588317871
0.8424085290065827
20.31281001984127
0.35402417182922363
0.8451130779434128
18.12776199494949
0.38172030448913574
0.8590446808635664
19.251302083333336
0.31939196586608887
0.8637560227188709
20.523170405982906
0.3638913631439209
0.8594507596794502
22.2109375
0.3203084468841553
0.8381934047063131
19.322434413580247
0.3684537410736084
0.8444340931984828
21.555989583333336
0.4367668628692627
0.8595613770268888
19.075520833333332
0.2743239402770996
0.8573256246577913
17.198040674603174
0.23154139518737793
0.8565789487980812
20.502507716049383
0.2251882553100586
0.8548905665741365
20.958116319444446
0.3107905387878418
0.847726917841933
22.644675925925927
0.28997302055358887
0.8531354282192629
23.470219017094013
0.29737281799316406
0.8335470982021075
22.166883680555557
0.31177711486816406
0.8345465704141284
23.90842013888889
0.27083778381347656
0.8578240752543083
27.114149305555554
0.2669985294342041
0.8585502615238958
25.01681857638889
0.3186028003692627
0.8238849915984641
21.316964285714285
0.296783447265625
0.8640529219575381
21.083209325396826
0.27753472328186035
0.8392129395160541
17.44194878472222
0.2516052722930908
0.8250651253974007
16.455233134920633
0.23323774337768555
0.8386559764492735
16.67534722222222
0.27720117568969727
0.8187601309826005
14.225570436507937
0.2664613723754883
0.8491102665450491
15.210069444444443
0.28621673583984375
0.844857741292524
17.182617187499996
0.3031139373779297
0.8124345091301616
16.532552083333336
0.2959451675415039
0.8384422716871228
17.801959325396826
0.3041965961456299
0.8082037768994291
17.39728009259259
0.2948899269104004
0.8175012840085303
18.435329861111114
0.24544739723205566
0.8075043501855098
17.32693142361111
0.2605447769165039
0.8332346426077077
18.292341820987655
0.27913403511047363
0.8247022044422659
18.37200126262626
0.2729980945587158
0.8417753460168323
19.432607323232318
0.2658407688140869
0.8269316222787916
20.586299189814817
0.2838480472564697
0.852268946145244
22.80201099537037
0.22861957550048828
0.8457877426218346
22.674121732026144
0.2652473449707031
0.8535537638539691
23.96412037037037
0.27262377738952637
0.8509053795633614
21.07905982905983
0.2746756076812744
0.8330756863467897
22.341412927350426
0.3110971450805664
0.8325778153554414
20.25752314814815
0.32236242294311523
0.8006405426104192
29.226190476190474
0.2841074466705322
0.8556651247909508
21.04079861111111
0.2865290641784668
0.8350565696443556
21.689814814814813
0.29093456268310547
0.8500934510175635
18.39130704365079
0.2638125419616699
0.8560973524131418
19.33860844017094
0.2622520923614502
0.8513613838838485
18.480568910256412
0.3395273685455322
0.8548930816221477
19.065538194444446
0.237868070602417
0.8493790923531013
21.72940340909091
0.2823808193206787
0.8530352788054025
19.4140625
0.24304413795471191
0.820496791851845
22.181581439393938
0.2796967029571533
0.831125862344346
18.555772569444443
0.22919511795043945
0.8470724431848721
20.52430555555556
0.22182941436767578
0.8459632583233699
17.03559027777778
0.26818299293518066
0.8467212850691227
19.735243055555554
0.2758324146270752
0.8296758580685166
18.377976190476193
0.2300119400024414
0.8567542575877352
17.362196180555554
0.29924798011779785
0.8536913229357449
19.999210858585858
0.2353196144104004
0.8499382182224694
22.158696338383837
0.2762289047241211
0.8385821472132625
22.961647727272723
0.28038644790649414
0.8437669752639546
20.5
0.27495312690734863
0.854193703203526
23.29861111111111
0.2775239944458008
0.8506049435313249
21.135850694444446
0.2425978183746338
0.8656105448556574
20.950520833333332
0.23383045196533203
0.8709162750234839
21.677714646464644
0.23754334449768066
0.8599670423290448
20.047381365740737
0.24525761604309082
0.8458460321916246
21.287615740740737
0.2810821533203125
0.8564408883384947
23.399884259259256
0.216796875
0.8631147596267054
19.85423900462963
0.25280117988586426
0.86688602161394
22.591145833333336
0.30198025703430176
0.8230335344025738
21.46894290123457
0.2994418144226074
0.8371245740574407
23.386863425925927
0.21826434135437012
0.8424436222101196
20.486653645833336
0.2781956195831299
0.8489998725743719
19.93402777777778
0.23583459854125977
0.8424129103443495
17.46803977272727
0.2513291835784912
0.826177233344416
15.773051697530864
0.2767820358276367
0.8227318408198039
17.474959935897438
0.23511385917663574
0.8544928871375034
18.189436431623932
0.22814393043518066
0.8492984026571669
19.983362268518515
0.2668025493621826
0.8524276242500262
18.011818910256412
0.24238824844360352
0.8369295622113149
15.082465277777777
0.29532837867736816
0.8326483568530159
16.923707561728392
0.24247336387634277
0.8451400732022719
18.634114583333336
0.23322248458862305
0.8504948212585783
21.182484567901234
0.2606992721557617
0.8315736200411122
16.755839646464644
0.23919153213500977
0.8558761316517485
21.379243827160494
0.2575695514678955
0.8464814527471184
19.495442708333332
0.24057984352111816
0.8489899670325145
21.01996527777778
0.23073339462280273
0.8139358964517114
24.432508680555554
0.22243285179138184
0.8365387800563322
20.767746913580247
0.2273569107055664
0.8433838346627757
22.116126543209877
0.22089171409606934
0.8509572369807812
21.82425213675214
0.2504243850708008
0.8660508528719114
24.360006313131315
0.25817418098449707
0.8440329172619581
22.507233796296294
0.23991727828979492
0.8482640097246805
23.334418402777775
0.2505512237548828
0.8136387167066624
18.937174479166668
0.31537866592407227
0.8476674606505825
20.382426697530864
0.31809473037719727
0.8685929579381232
19.91078317901235
0.29022693634033203
0.8560160554495758
24.102564102564102
0.27739810943603516
0.8414833029330345
21.171875
0.27780842781066895
0.8424701101767745
25.611979166666668
0.3009641170501709
0.8287216835829112
23.722718253968253
0.2810328006744385
0.8371137429118165
22.743985615079364
0.2670574188232422
0.836302441513397
21.80673926767677
0.31408095359802246
0.8320193365494764
19.228360615079367
0.3148024082183838
0.8561232129297143
19.741030092592595
0.26516032218933105
0.8422362553529379
19.62394593253968
0.2843160629272461
0.8355881895913356
17.065515350877195
0.3100917339324951
0.8512574014785876
17.04396081349206
0.27571630477905273
0.8577592367025544
18.34124795751634
0.2522146701812744
0.8463392618264368
18.373015873015873
0.3103621006011963
0.8603363450437818
19.919162326388886
0.2353672981262207
0.8501337209175912
18.509385850694443
0.3724367618560791
0.8602127594271549
17.42876838235294
0.29595375061035156
0.8317779615822464
19.790852864583332
0.23668742179870605
0.8350553053496985
21.029885912698415
0.30742549896240234
0.8544245233039248
19.27517361111111
0.28890252113342285
0.8356861523202423
20.01437717013889
0.2704348564147949
0.835635013067477
20.451027199074076
0.2669961452484131
0.8412214791331515
17.819010416666668
0.29002857208251953
0.8350192926283576
19.44477831196581
0.2597317695617676
0.8462713419969299
20.845959595959595
0.3155207633972168
0.8553606634607916
21.39142071759259
0.28515005111694336
0.8217633931854195
22.76876335470086
0.29437255859375
0.8308697841081021
19.377761994949495
0.28667736053466797
0.8291389527068842
17.654277146464647
0.25515055656433105
0.8554731149012726
18.080512152777775
0.285907506942749
0.8287857079765308
20.20714962121212
0.24672222137451172
0.8521876267752039
17.90726273148148
0.2607569694519043
0.8441983424596391
20.64503205128205
0.2853856086730957
0.8454738936540274
23.929398148148145
0.28772616386413574
0.8649631633163041
21.940104166666664
0.2891817092895508
0.8545334344542417
17.088758680555557
0.32505106925964355
0.8459436601696665
17.209535256410255
0.33443331718444824
0.8376709549406294
16.551408179012345
0.30189061164855957
0.8536353632067436
19.87097537878788
0.26416802406311035
0.8481024973954626
19.717881944444446
0.30475330352783203
0.8485112347179097
20.26809561965812
0.3124582767486572
0.8574800686599369
19.045138888888893
0.30823540687561035
0.8595309046766547
15.021158854166666
0.3652312755584717
0.8815837067114156
16.46484375
0.30300402641296387
0.8500656747960983
17.700617283950617
0.2947380542755127
0.8293109823137568
17.63599537037037
0.30574941635131836
0.8328965196467135
14.883814102564104
0.29329347610473633
0.8421425216162057
17.871093750000004
0.3030717372894287
0.8429581645160653
17.341746794871792
0.30536413192749023
0.8359223577037506
16.968907828282827
0.2958567142486572
0.8419276729567102
15.709635416666666
0.2918241024017334
0.820660402482348
17.145061728395063
0.27692556381225586
0.8410243668228883
15.371093750000004
0.27940845489501953
0.8399593251971081
17.905815972222225
0.2913689613342285
0.8563455036391353
16.3640873015873
0.3049499988555908
0.8437694246038275
17.796474358974358
0.2777824401855469
0.8634208600215745
19.728565705128208
0.27076268196105957
0.8715628815628815
18.75534188034188
0.30733633041381836
0.8609087893718833
19.574986645299145
0.2790229320526123
0.8503371158696815
19.627403846153847
0.23290801048278809
0.841702592571146
22.287660256410255
0.35778093338012695
0.8569797112634785
20.46527777777777
0.372805118560791
0.8503936289679539
19.135561342592595
0.2492046356201172
0.835383467112958
19.23779899691358
0.2866334915161133
0.8430220292444381
20.424479166666668
0.26415586471557617
0.8536119329114663
19.976128472222214
0.22978568077087402
0.8395264141582326
20.109664351851855
0.30817675590515137
0.86185149377263
24.341856060606062
0.277085542678833
0.85893988781453
22.11726641414141
0.2586507797241211
0.8494690881133887
18.2689525462963
0.21918439865112305
0.8455751927854752
17.851228632478634
0.2544872760772705
0.8548792605543999
16.999289772727277
0.22691583633422852
0.8461760826086512
14.447234623015877
0.26615142822265625
0.8530939413371076
21.762876157407405
0.24091124534606934
0.8383425942320969
17.680622329059826
0.2927896976470947
0.8012265639321448
17.79079861111111
0.2305455207824707
0.8272653662561942
17.78153935185185
