0.36740875244140625
0.9280030833320306
19.043876262626267
0.29286742210388184
0.8933191652617648
19.335416666666667
0.30016255378723145
0.9243933986399199
22.08611111111111
0.28822803497314453
0.8994179998306805
21.46831597222222
0.3112664222717285
0.9150432619537181
23.05753968253968
0.2897675037384033
0.9047220449801094
24.02517361111111
0.30081844329833984
0.9154862770080162
19.05478395061728
0.303433895111084
0.9131868131868132
15.83159722222222
0.33425092697143555
0.9036903618253428
16.21527777777778
0.41770434379577637
0.9079471971337295
16.379774305555557
0.3201737403869629
0.9055384998082104
15.55362654320988
0.32051515579223633
0.9034567514051846
15.675347222222223
0.34663867950439453
0.9231898378868024
20.88645833333333
0.27868008613586426
0.9033631570358657
17.80104166666667
0.34387922286987305
0.9171133598235323
16.540331196581196
0.34211063385009766
0.917241441314769
18.131677350427353
0.3748011589050293
0.9221501336074623
16.216765873015873
0.3427469730377197
0.9117860477076312
20.67834595959596
0.335003137588501
0.9225562836477489
20.34615384615385
0.32105207443237305
0.9011764315151763
17.577876984126984
0.36184000968933105
0.9148725973623605
15.96230158730159
0.3708064556121826
0.9151996954337661
18.30704365079365
0.3186037540435791
0.9309817267647819
14.663966049382717
0.28661298751831055
0.9182240151473896
19.486805555555556
0.26195859909057617
0.9220995253348193
18.172032828282827
0.29946160316467285
0.919548166852403
21.346726190476193
0.32419919967651367
0.9034766497741569
17.653935185185187
0.29116106033325195
0.8850144484247596
18.785714285714285
0.3514275550842285
0.9147380498698956
20.371527777777775
0.29793262481689453
0.9004075650844665
21.99609375
0.3262357711791992
0.893176017954197
24.42144097222222
0.3301424980163574
0.906331426970563
22.142361111111114
0.31035470962524414
0.9117246510869699
22.069444444444446
0.3173329830169678
0.9071241381373293
19.345734126984123
0.3076012134552002
0.9046797019405715
14.982142857142856
0.28122806549072266
0.8984341868544767
16.52777777777778
0.3190300464630127
0.9095133678604148
17.75173611111111
0.2999894618988037
0.9102553585225508
20.46267361111111
0.3113555908203125
0.9232766173663466
20.43700396825397
0.30178141593933105
0.9111837583372131
21.80960648148148
0.31784534454345703
0.931654122737714
20.374368686868685
0.2718970775604248
0.9235572879024531
20.013599537037038
0.2865879535675049
0.9112567136374602
18.83585858585858
0.2988564968109131
0.918879719648848
21.000631313131315
0.3060147762298584
0.9020343727820387
21.30334595959596
0.3179750442504883
0.9090093885958981
20.193865740740744
0.2956986427307129
0.915561823096196
19.48244598765432
0.29475975036621094
0.9211911905279998
19.600942460317462
0.32103919982910156
0.9146261022229083
21.09085648148148
0.3230302333831787
0.9231434638922478
21.792658730158735
0.32309937477111816
0.9270987025376093
22.431299603174608
0.30992674827575684
0.9232578724711895
16.418402777777775
0.2802860736846924
0.9019521462386274
18.80787037037037
0.29250121116638184
0.9216152600833678
18.840544871794872
0.26485490798950195
0.9057677333254333
16.44760101010101
0.3192424774169922
0.923866475244496
17.55715811965812
0.2800865173339844
0.9166366866779788
16.904647435897438
0.29736995697021484
0.9027195431979985
17.27537393162393
0.2942991256713867
0.9244695070295467
19.22970085470085
0.2518188953399658
0.9100934795888431
18.363343253968253
0.29555606842041016
0.9257261762157039
21.085937500000004
0.27463555335998535
0.9078515074838402
21.840010683760685
0.31583213806152344
0.9146411069756453
19.632745726495727
0.25829410552978516
0.9163274228169864
18.553240740740737
0.29322218894958496
0.9233105652265582
16.829861111111114
0.2970161437988281
0.9245287722405617
16.765624999999996
0.2978637218475342
0.916659581032646
16.05334595959596
0.32030725479125977
0.9285903466306694
17.59722222222222
0.29557299613952637
0.9173871277653255
16.28935185185185
0.3136453628540039
0.9094450783118748
14.453869047619047
0.28232598304748535
0.9038145110254121
14.858796296296296
0.2935812473297119
0.927000203985498
14.490277777777777
0.2982769012451172
0.9323908842649875
20.81119791666667
0.41744017601013184
0.9110949887730071
19.53240740740741
0.3124096393585205
0.915310352672355
20.87689393939394
0.26619458198547363
0.924264389199458
18.453525641025642
0.27536582946777344
0.9254312218946364
19.98691239316239
0.34345531463623047
0.9033970202801783
17.972853535353536
0.34699535369873047
0.9254948640591055
19.3125
0.3444828987121582
0.9253944018951945
21.788888888888888
0.3444325923919678
0.9230236290123436
21.411024305555557
0.31491565704345703
0.9220447835288543
20.61205808080808
0.3302347660064697
0.9164944735904571
19.24537037037037
0.40242934226989746
0.9244191149048399
21.654320987654316
0.3090336322784424
0.918080998924665
18.68359375
0.2674732208251953
0.9283943918829902
20.609126984126984
0.3258521556854248
0.9167523916211727
21.049873737373733
0.31585001945495605
0.9189937615178947
21.55429292929293
0.290055513381958
0.9193858123683746
20.26736111111111
0.2855544090270996
0.9103705112492773
28.209325396825395
0.32767629623413086
0.9159454556063382
21.06498015873016
0.31622862815856934
0.933910254824506
28.394965277777775
0.31686973571777344
0.9157238797771104
27.335416666666664
0.33652520179748535
0.9011517414861817
23.971230158730158
0.29980945587158203
0.9248342757738819
17.92063492063492
0.30504536628723145
0.9155946420671549
15.902343749999998
0.3253819942474365
0.8941443663831155
16.82638888888889
0.3439488410949707
0.9026513145740466
18.020399305555554
0.31949567794799805
0.900558786173366
15.655257936507939
0.29473257064819336
0.9258870833943298
15.899305555555555
0.3002927303314209
0.9089562611301742
16.92509920634921
0.32294440269470215
0.8860346878028037
16.553472222222222
0.28235292434692383
0.9113741468295243
16.587962962962962
0.32782602310180664
0.8965268065268066
16.50625
0.32947254180908203
0.893850811024724
17.189670138888886
0.28655147552490234
0.891020535020535
17.993489583333332
0.2827153205871582
0.9004786738624188
18.529166666666665
0.24857187271118164
0.9007121583810576
19.239583333333332
0.2415156364440918
0.903115631567644
21.963348765432098
0.2639038562774658
0.9146770725889114
20.466724537037035
0.22992968559265137
0.9142487464226594
22.58912037037037
0.3211328983306885
0.9142452533203019
22.58413461538461
0.23663330078125
0.9186353634250608
22.603587962962965
0.24993658065795898
0.9175110168653617
21.96875
0.33687400817871094
0.9127764226038843
21.4040404040404
0.31740236282348633
0.9092365785382536
20.092978395061728
0.25627613067626953
0.8894483886773984
21.373697916666664
0.26900267601013184
0.917119294358009
21.168055555555554
0.31537580490112305
0.9049340129100188
20.67441239316239
0.2897636890411377
0.9227627655803312
19.282490079365083
0.287029504776001
0.9300056331635278
18.990327380952383
0.30912280082702637
0.9129207942301651
18.492424242424242
0.27860069274902344
0.9237483907406147
20.700892857142858
0.2464909553527832
0.9151879957450214
21.21969696969697
0.24031376838684082
0.9179872223757669
19.652488425925927
0.2295219898223877
0.9031300351695087
21.645833333333332
0.2577810287475586
0.8920849662350842
21.13271604938272
0.2450549602508545
0.9164491614819936
21.995896464646464
0.31359076499938965
0.9156466803620504
16.89800347222222
0.29512953758239746
0.9195836048658629
19.751984126984127
0.22703266143798828
0.9020466696955388
22.19314236111111
0.2895486354827881
0.9259920968094454
17.229166666666664
0.27292799949645996
0.9104604910487264
19.929292929292927
0.28212642669677734
0.916950256945606
21.938194444444445
0.27205729484558105
0.9197580885736243
22.447916666666664
0.236189603805542
0.9118980713865281
20.743055555555554
0.24413609504699707
0.9217392799115955
22.474537037037038
0.24923086166381836
0.9272156805143339
18.111111111111107
0.29161739349365234
0.9282333248633217
19.48106060606061
0.27346014976501465
0.9197879567967082
23.303472222222222
0.2895698547363281
0.9233627784141262
21.13667929292929
0.24280667304992676
0.9193865646619622
21.702335858585858
0.2808091640472412
0.9273245877572692
25.140046296296294
0.313248872756958
0.9188609819373575
21.22974537037037
0.3073599338531494
0.9336803932120022
20.444444444444446
0.31980156898498535
0.8983245175513417
20.69560185185185
0.26240968704223633
0.910122264819232
20.863811728395067
0.2855691909790039
0.9173587963171502
20.961309523809526
0.28915858268737793
0.9161955371193511
16.925154320987655
0.29449915885925293
0.9175815616292996
18.131944444444443
0.2595527172088623
0.8981426068887367
15.55902777777778
0.2991671562194824
0.9095838630278216
17.276041666666668
0.33057665824890137
0.9155311905201041
18.93276515151515
0.2669222354888916
0.9105651867324553
19.345196759259256
0.26644110679626465
0.9150288952148817
21.116477272727273
0.303067684173584
0.9127313651152661
15.862689393939394
0.2892584800720215
0.914140842091506
18.60841049382716
0.26221585273742676
0.9139932729506184
19.993055555555554
0.28074002265930176
0.9036516310662419
18.83984375
0.22543764114379883
0.9073821244370781
21.081404320987655
0.2324070930480957
0.9149082448228558
20.23333333333333
0.32703614234924316
0.9128526751884185
21.320138888888888
0.2370624542236328
0.9239026904342996
23.70920138888889
0.26966047286987305
0.8798305004454915
22.77152777777778
0.2247462272644043
0.9148444938062831
21.894675925925927
0.27562570571899414
0.9035533658435612
24.234567901234566
0.2698686122894287
0.931151101385172
21.975160256410255
0.23298907279968262
0.9287971065571035
24.01195987654321
0.24742722511291504
0.9057814224607437
20.945436507936506
0.26621198654174805
0.9213842935409289
21.868441358024693
0.3478257656097412
0.8918729248573956
22.82490079365079
0.34639716148376465
0.9034805333479039
23.09331597222222
0.2961862087249756
0.9169303953669279
19.20625
0.29543161392211914
0.9310789571575149
25.460227272727266
0.2852773666381836
0.9073067144116108
17.553819444444446
0.29663538932800293
0.9164681578166042
25.120993589743588
0.3070249557495117
0.8913348452229659
22.419507575757574
0.3247489929199219
0.9104554724719591
22.212962962962962
0.29628992080688477
0.9159152429929235
20.8895202020202
0.2889130115509033
0.9125318261354103
18.624732905982906
0.2543680667877197
0.9324375361780719
19.70812908496732
0.30583977699279785
0.9181542426360504
19.38888888888889
0.25232768058776855
0.906136476079095
17.00297619047619
0.32075929641723633
0.9171786723494303
17.64490740740741
0.2784559726715088
0.922126658159975
18.266927083333336
0.2586996555328369
0.9158091862795813
19.960416666666667
0.29358887672424316
0.9151098771417374
20.555748456790127
0.32546138763427734
0.9215082779401924
17.318347953216374
0.366382360458374
0.9244754025938554
17.242034313725494
0.29874396324157715
0.9125119969142435
18.299479166666668
0.27635669708251953
0.9141147111994943
19.266710069444443
0.3274242877960205
0.9210875334820875
19.400694444444444
0.23763704299926758
0.9078491364977149
17.16435185185185
0.301349401473999
0.9085245796188766
19.037326388888886
0.26831722259521484
0.9091072461866907
17.536057692307693
0.29436540603637695
0.9065954876075686
20.90943287037037
0.28542566299438477
0.9153528240550837
21.65798611111111
0.27837371826171875
0.9220383639509233
20.353632478632473
0.2646369934082031
0.900255791607478
21.5577876984127
0.29338717460632324
0.895232187373499
21.659406565656568
0.2596156597137451
0.9018670297934114
17.54706790123457
0.3034977912902832
0.9226056008720127
17.98553240740741
0.27431488037109375
0.9067908662373837
20.221527777777776
0.24666905403137207
0.9025250667158291
19.249305555555555
0.2796454429626465
0.9115597684973293
25.65123456790123
0.33944249153137207
0.9167776861409127
24.71736111111111
0.294966459274292
0.9215225288909498
22.519675925925924
0.2744321823120117
0.9240944796631434
19.721875
0.2563178539276123
0.9222387052874857
16.654356060606062
0.3351008892059326
0.9084477930549287
16.010850694444443
0.3138582706451416
0.9275240036085419
19.5875
0.27518796920776367
0.9149785547909279
18.71682098765432
0.2612736225128174
0.9171376552955499
17.5859375
0.25952982902526855
0.9322889472107925
19.436921296296298
0.2879972457885742
0.9239932749701301
16.59567901234568
0.3290691375732422
0.9315243719655483
18.069444444444446
0.2867558002471924
0.9131937305557332
17.643132716049383
0.2685689926147461
0.9170212829311127
16.94543650793651
0.295393705368042
0.9142678900573636
14.796207264957266
0.2893345355987549
0.9050561590035273
19.530303030303028
0.29488182067871094
0.919837649009515
17.848263888888887
0.30644726753234863
0.9030289880044996
18.760416666666664
0.3000810146331787
0.9215807194385043
15.908564814814817
0.2541468143463135
0.9001560393885611
16.85546875
0.2573680877685547
0.9183054888297232
16.08923611111111
0.3051900863647461
0.9209831002283292
15.862152777777776
0.2959778308868408
0.9250030269308049
15.855502136752134
0.32627224922180176
0.9121846360742379
16.939709595959595
0.3058662414550781
0.9254671447841906
17.615277777777774
0.3026082515716553
0.9231501831501832
17.717803030303028
0.324016809463501
0.9237461004145598
19.56971153846154
0.3061232566833496
0.9221277919074412
19.46340811965812
0.27697205543518066
0.9138912990415539
20.922348484848484
0.3901350498199463
0.9087774871677954
19.703472222222217
0.3152785301208496
0.9188548437999209
19.076195987654323
0.29653406143188477
0.9026439994151683
18.952410130718956
0.2846055030822754
0.911965594699756
23.205109126984127
0.292893648147583
0.9178968331624026
20.55281432748538
0.2847421169281006
0.9229050080598143
21.50021701388889
0.29053497314453125
0.924042325444629
25.39131944444444
0.28193211555480957
0.9156608582777505
19.897376543209877
0.3239157199859619
0.9071444749684558
18.09564393939394
0.27596449851989746
0.9171188422458271
18.23003472222222
0.3410518169403076
0.9161682749082228
16.136363636363637
0.24169540405273438
0.9182395659561523
16.96527777777778
0.3010103702545166
0.9175967477316461
20.151041666666664
0.3133962154388428
0.8971602046617367
17.09976851851852
0.28139686584472656
0.8827293807936683
17.944661458333336
0.2433640956878662
0.9123892036817298
16.509424603174605
