0.2535982131958008
1.0
6.549479166666667
0.18447494506835938
1.0
15.472286522633745
0.13944268226623535
1.0
9.284060846560847
0.11999869346618652
1.0
10.145399305555557
0.10374331474304199
1.0
8.28761574074074
0.18026137351989746
1.0
7.554976851851852
0.10006237030029297
1.0
5.7280092592592595
0.2387392520904541
1.0
9.47337962962963
0.09871864318847656
1.0
9.29542824074074
0.17848992347717285
1.0
14.675099206349206
0.14829421043395996
1.0
17.37377025462963
0.21938467025756836
1.0
14.844071502057615
0.1909956932067871
1.0
8.550829475308642
0.18587183952331543
1.0
6.819733796296296
0.17579245567321777
1.0
8.117283950617283
0.17670202255249023
1.0
10.78125
0.1852724552154541
1.0
9.643614969135804
0.20199179649353027
1.0
5.3997878086419755
0.18112492561340332
1.0
7.892203282828283
0.1870591640472412
1.0
9.454282407407408
0.19579648971557617
1.0
14.701646090534979
0.17947173118591309
1.0
11.512784090909092
0.17762041091918945
1.0
14.240089699074073
0.1954197883605957
1.0
9.536146723646723
0.17900466918945312
1.0
13.420138888888886
0.19547033309936523
1.0
11.580751424501425
0.17689061164855957
1.0
10.9082433127572
0.18973326683044434
1.0
10.571952160493828
0.18069791793823242
1.0
11.677372685185187
0.18067121505737305
1.0
8.19286616161616
0.17886114120483398
1.0
9.8088051994302
0.17897391319274902
1.0
12.009943181818185
0.1967315673828125
1.0
9.207175925925927
0.18915319442749023
1.0
13.134042245370368
0.1871962547302246
1.0
9.003343621399175
0.17833256721496582
1.0
11.016348379629628
0.17983388900756836
1.0
12.753051346801346
0.17720270156860352
1.0
5.358796296296296
0.17987394332885742
1.0
7.966724537037036
0.2013261318206787
1.0
7.301793981481481
0.1967940330505371
1.0
9.179848251028806
0.1849365234375
1.0
8.56423611111111
0.1805872917175293
1.0
7.334104938271605
0.19412779808044434
1.0
9.891203703703704
0.17847251892089844
1.0
4.442274305555556
0.17669296264648438
1.0
6.931712962962964
0.19750738143920898
1.0
13.066044560185185
0.18012094497680664
1.0
19.521122685185183
0.1795954704284668
1.0
9.318094135802472
0.1787567138671875
1.0
7.857711226851852
0.20614361763000488
1.0
7.5405092592592595
0.19554781913757324
1.0
8.517992424242424
0.19129300117492676
1.0
11.503986625514402
0.17845869064331055
1.0
12.389805169753087
0.19598102569580078
1.0
11.435185185185183
0.2047123908996582
1.0
16.249710648148145
0.1893165111541748
1.0
12.133487654320987
0.18701767921447754
1.0
11.612172067901234
0.1777501106262207
1.0
9.29711612654321
0.18061208724975586
1.0
9.546923225308642
0.18324613571166992
1.0
9.867161195286196
0.18095779418945312
1.0
12.761084401709402
0.20377540588378906
1.0
9.294849537037038
0.1805272102355957
1.0
8.077463624338623
0.19980573654174805
1.0
8.35381054131054
0.1779942512512207
1.0
7.113057659932659
0.17777729034423828
1.0
6.396604938271604
0.17822623252868652
1.0
8.83029513888889
0.1798710823059082
1.0
11.076388888888888
0.17788243293762207
1.0
5.5934124228395055
0.18834352493286133
1.0
5.453993055555555
0.17611956596374512
1.0
7.870691872427983
0.2030043601989746
1.0
7.541087962962962
0.1858057975769043
1.0
9.104166666666664
0.17681527137756348
1.0
9.16261574074074
0.17793512344360352
1.0
11.408354377104377
0.17706537246704102
1.0
12.547019675925926
0.19112086296081543
1.0
10.702835648148149
0.1785449981689453
1.0
13.884154040404042
0.18662261962890625
1.0
11.356577932098766
0.17901277542114258
1.0
8.146797839506172
0.17705702781677246
1.0
8.395363136574076
0.17724871635437012
1.0
9.346509971509972
0.17881989479064941
1.0
12.008890993265995
0.1774303913116455
1.0
9.182581018518519
0.1974034309387207
1.0
8.47019675925926
0.17714977264404297
1.0
9.46219135802469
0.17877984046936035
1.0
10.772388599537036
0.17708134651184082
1.0
9.849054783950617
0.1843552589416504
1.0
9.953542952674896
0.19042396545410156
1.0
13.295524691358024
0.19713497161865234
1.0
11.851025132275131
0.18819928169250488
1.0
8.564633969907408
0.1926593780517578
1.0
9.055025077160494
0.1759195327758789
1.0
7.514467592592592
0.18423700332641602
1.0
7.558449074074074
0.1981062889099121
1.0
11.016038359788359
0.18390393257141113
1.0
9.80979938271605
0.17545700073242188
1.0
12.291046626984128
0.17705941200256348
1.0
12.240740740740739
0.18178582191467285
1.0
10.527705439814813
0.17709946632385254
1.0
10.818865740740742
0.17921733856201172
1.0
13.916453460038985
0.177016019821167
1.0
11.11095882066277
0.180450439453125
1.0
12.534722222222221
0.18385076522827148
1.0
11.258223684210526
0.17864012718200684
1.0
11.286024305555557
0.18614816665649414
1.0
10.966869212962964
0.17833733558654785
1.0
13.791313014403292
0.18121552467346191
1.0
9.859664351851851
0.20217227935791016
1.0
10.814380787037036
0.1828479766845703
1.0
11.980537280701757
0.1761150360107422
1.0
12.61799125514403
0.17743539810180664
1.0
12.065291394335512
0.19390296936035156
1.0
10.994456627680313
0.1974635124206543
1.0
12.161297582304526
0.18503713607788086
1.0
10.547196502057616
0.1958920955657959
1.0
11.00533693415638
0.18613290786743164
1.0
14.944010416666668
0.19840693473815918
1.0
11.959273726851855
0.19594073295593262
1.0
11.209150326797387
0.1945497989654541
1.0
10.496031746031745
0.19818711280822754
1.0
12.270061728395063
0.20215082168579102
1.0
10.847971132897602
0.19433188438415527
1.0
13.725308641975312
0.18849825859069824
1.0
17.388043091168086
0.1908397674560547
1.0
17.171826774691358
0.20236539840698242
1.0
14.262442129629628
0.19742774963378906
1.0
11.13292378917379
0.19935989379882812
1.0
10.142361111111112
0.20273756980895996
1.0
10.256237139917696
0.1782698631286621
1.0
7.733410493827161
0.17995452880859375
1.0
5.404829545454545
0.18761539459228516
1.0
14.038146219135802
0.1943812370300293
1.0
10.591104497354499
0.18237519264221191
1.0
12.095550411522632
0.20097613334655762
1.0
8.649048353909466
0.18988871574401855
1.0
7.94994212962963
0.18823909759521484
1.0
6.232156635802469
0.18591046333312988
1.0
11.617063492063492
0.2014145851135254
1.0
8.22193287037037
0.19742369651794434
1.0
13.336950231481483
0.19900202751159668
1.0
8.874903549382715
0.2026526927947998
1.0
5.974151234567901
0.19966793060302734
1.0
4.972350823045267
0.1990649700164795
1.0
13.912037037037036
0.1897139549255371
1.0
7.482349537037036
0.2145380973815918
1.0
9.134837962962964
0.1751847267150879
1.0
12.4633487654321
0.19466352462768555
1.0
7.56052276234568
0.18255352973937988
1.0
13.098958333333334
0.1994318962097168
1.0
8.515179843304843
0.18387913703918457
1.0
6.34672619047619
0.20078659057617188
1.0
7.610315393518518
0.18868231773376465
1.0
15.239840534979423
0.19861936569213867
1.0
7.768373842592593
0.1988048553466797
1.0
14.452763310185187
0.2031252384185791
1.0
12.856316137566138
0.19216251373291016
1.0
6.897424768518519
0.18864989280700684
1.0
7.8057484567901225
0.20178508758544922
1.0
10.44766865079365
0.178114652633667
1.0
9.08275462962963
0.18039178848266602
1.0
8.14318783068783
0.20327329635620117
1.0
6.792896412037037
0.20119428634643555
1.0
7.260127314814815
0.1981644630432129
1.0
8.803736772486772
0.18811488151550293
1.0
7.4861111111111125
0.20192241668701172
1.0
8.295717592592592
0.20128917694091797
1.0
7.825915404040405
0.18128013610839844
1.0
8.405257936507937
0.20861196517944336
1.0
8.356481481481481
0.20199298858642578
1.0
5.473813657407407
0.19670414924621582
1.0
8.94603587962963
0.1867671012878418
1.0
13.182870370370372
0.20011258125305176
1.0
11.009837962962962
0.18939495086669922
1.0
8.58275462962963
0.18340206146240234
1.0
8.110050154320986
0.17731618881225586
1.0
11.593364197530866
0.18831181526184082
1.0
10.946903935185183
0.20476627349853516
1.0
13.70997299382716
0.1785123348236084
1.0
16.815476190476193
0.19643330574035645
1.0
9.80685763888889
0.19544577598571777
1.0
7.477936921296297
0.19773101806640625
1.0
10.689139660493824
0.2001330852508545
1.0
12.555338541666666
0.19885563850402832
1.0
12.69193672839506
0.19594120979309082
1.0
13.951678240740739
0.17925620079040527
1.0
8.037229938271606
0.18130159378051758
1.0
5.324487433862434
0.20782756805419922
1.0
5.443121693121694
0.18896055221557617
1.0
7.266710069444445
0.1883084774017334
1.0
6.521412037037036
0.18643999099731445
1.0
7.769923941798942
0.1808774471282959
1.0
7.692708333333333
0.18436527252197266
1.0
10.632233796296296
0.18352818489074707
1.0
5.422453703703704
0.17791318893432617
1.0
10.151186342592593
0.17887592315673828
1.0
8.83029513888889
0.19726228713989258
1.0
10.594328703703704
0.1823263168334961
1.0
11.350859788359788
0.20312809944152832
1.0
6.373336226851852
0.19823956489562988
1.0
6.446180555555555
0.1856369972229004
1.0
8.087962962962964
0.17852282524108887
1.0
17.82793209876543
0.19983625411987305
1.0
9.075520833333332
0.19789457321166992
1.0
10.434027777777779
0.18308162689208984
1.0
10.242228835978837
0.19681668281555176
1.0
8.616898148148149
0.19677519798278809
1.0
12.902612433862434
0.19192957878112793
1.0
4.173900462962963
0.19634580612182617
1.0
7.937885802469135
0.1885666847229004
1.0
6.422646604938272
0.18053126335144043
1.0
6.292989417989418
0.17844796180725098
1.0
13.692956349206352
0.1862020492553711
1.0
9.302662037037038
0.1833057403564453
1.0
7.3828125
0.2029271125793457
1.0
12.79513888888889
0.20258641242980957
1.0
13.611689814814815
0.1839892864227295
1.0
12.40162037037037
0.18574166297912598
1.0
8.53539737654321
0.18611407279968262
1.0
8.567708333333336
0.19019150733947754
1.0
7.883632330246914
0.19701313972473145
1.0
12.199363425925924
0.19823527336120605
1.0
17.105955387205388
0.19554853439331055
1.0
8.692997685185187
0.19835162162780762
1.0
9.319497053872054
0.19682693481445312
1.0
6.644758597883599
0.19853949546813965
1.0
14.27517361111111
0.19270038604736328
1.0
10.238425925925924
0.1799793243408203
1.0
15.99826388888889
0.18096494674682617
1.0
8.492476851851851
0.20105671882629395
1.0
11.3403420781893
0.18260693550109863
1.0
7.700376157407408
0.17734313011169434
1.0
10.374228395061728
0.19656920433044434
1.0
11.751060956790125
0.19989252090454102
1.0
13.401537698412698
0.17811107635498047
1.0
7.0725859788359795
0.17669916152954102
1.0
5.641276041666667
0.17847204208374023
1.0
12.855259773662551
0.18157505989074707
1.0
12.809193121693122
0.203383207321167
1.0
7.596450617283949
0.1880025863647461
1.0
11.346643518518517
0.18757891654968262
1.0
17.262468434343432
0.2011260986328125
1.0
9.347304894179894
0.19734477996826172
1.0
13.484375
0.18323636054992676
1.0
11.457368827160494
0.1992192268371582
1.0
9.039351851851851
0.19933176040649414
1.0
7.041377314814814
0.1969611644744873
1.0
11.456404320987653
0.19165968894958496
1.0
7.196180555555555
0.1979970932006836
1.0
4.5794753086419755
0.18356657028198242
1.0
6.476521164021164
0.19891929626464844
1.0
9.116030092592592
0.2015080451965332
1.0
9.879436728395062
0.1974494457244873
1.0
8.054470486111112
0.19905900955200195
1.0
6.578207671957671
0.20062899589538574
1.0
5.951967592592593
0.18234944343566895
1.0
7.070519179894179
0.17785000801086426
1.0
11.692418981481483
0.1784353256225586
1.0
12.56076388888889
0.19529938697814941
1.0
13.39916087962963
0.1880955696105957
1.0
16.52319637345679
0.2102642059326172
1.0
5.528687169312169
0.20368742942810059
1.0
7.720630787037036
0.18102502822875977
1.0
19.188988095238095
0.17838501930236816
1.0
9.199781378600825
0.18279194831848145
1.0
10.436921296296296
0.18575358390808105
1.0
11.092664930555555
0.17883014678955078
1.0
11.961805555555557
0.17792153358459473
1.0
16.10785590277778
0.18141794204711914
1.0
7.177533436213993
0.19107365608215332
1.0
7.50610853909465
0.18379426002502441
1.0
10.825376157407408
0.1959085464477539
1.0
8.691716269841269
0.19644856452941895
1.0
11.616190843621398
0.18624329566955566
1.0
7.60763888888889
0.18230223655700684
1.0
8.001367845117844
0.18603110313415527
1.0
8.833590534979423
0.1808793544769287
1.0
8.488268097643099
0.19544267654418945
1.0
8.160043724279834
0.18116497993469238
1.0
12.736906828703706
0.19908618927001953
1.0
14.10748106060606
0.19193172454833984
1.0
9.812885802469136
0.19169116020202637
1.0
11.827546296296296
0.20027732849121094
1.0
6.676432291666667
0.17772793769836426
1.0
10.044849537037036
0.20216727256774902
1.0
8.328993055555555
0.18649768829345703
1.0
13.895399305555555
0.18010973930358887
1.0
12.36801103988604
0.20174121856689453
1.0
4.458333333333334
0.17992377281188965
1.0
7.441840277777779
0.17983388900756836
1.0
10.090112433862434
0.19952845573425293
1.0
12.558955439814815
0.18099546432495117
1.0
9.178685897435896
0.17795038223266602
1.0
8.841014309764308
0.18282079696655273
1.0
8.317418981481481
0.1978316307067871
1.0
8.662872942386834
0.20319390296936035
1.0
11.638558201058201
0.20019197463989258
1.0
10.341676311728396
0.19994378089904785
1.0
11.906105324074074
0.1957840919494629
1.0
10.172032828282829
0.19301533699035645
1.0
13.495896464646465
0.19681382179260254
1.0
12.326678240740742
0.20032048225402832
1.0
6.710069444444443
0.1808631420135498
1.0
10.067033179012347
0.19647431373596191
1.0
13.08031121399177
0.1969738006591797
1.0
9.394933127572017
0.19706487655639648
1.0
12.48900462962963
0.1909644603729248
1.0
17.396315586419753
0.19756627082824707
1.0
11.477430555555555
0.1804955005645752
1.0
15.35204475308642
0.19798040390014648
1.0
10.659400720164609
0.17855119705200195
1.0
8.310185185185187
0.19910979270935059
1.0
7.872023809523809
0.20685601234436035
1.0
8.457341269841269
0.17984652519226074
1.0
11.42824074074074
0.18471384048461914
1.0
12.882908950617285
0.18163418769836426
1.0
11.65750385802469
0.19822049140930176
1.0
10.744277263374485
0.19935297966003418
1.0
14.542824074074076
0.19131827354431152
1.0
11.187500000000002
0.19165396690368652
1.0
11.890256734006734
0.18607258796691895
1.0
9.748505015432098
0.18366169929504395
1.0
13.506531084656084
0.19992518424987793
1.0
10.080656828703702
0.17809844017028809
1.0
6.631076388888888
0.19514918327331543
1.0
6.8101025132275135
0.1985490322113037
1.0
9.418816137566138
0.19748139381408691
1.0
12.768132716049381
0.18387532234191895
1.0
8.428337191358024
0.19041132926940918
1.0
8.526475694444445
0.1973409652709961
1.0
9.10542052469136
0.19661521911621094
1.0
9.55005787037037
0.17874503135681152
1.0
8.008391203703702
0.19551396369934082
1.0
6.723221801346801
0.1974773406982422
1.0
9.974440586419755
0.18361186981201172
1.0
7.765560699588477
0.18479490280151367
1.0
10.05050505050505
0.17812895774841309
1.0
10.921172288359786
0.19865751266479492
1.0
10.299639917695474
0.18185877799987793
1.0
13.79983281893004
0.1980898380279541
1.0
11.763020833333332
0.1779181957244873
1.0
22.34519675925926
0.1792464256286621
1.0
11.44820601851852
0.19950127601623535
1.0
9.059895833333332
0.1983025074005127
1.0
9.766911008230453
0.19895386695861816
1.0
8.323826058201059
0.17949771881103516
1.0
18.61448688271605
0.19678521156311035
1.0
12.71949404761905
0.1800823211669922
1.0
15.561824845679014
0.17906475067138672
1.0
16.033950617283953
0.18200302124023438
1.0
16.766010802469136
0.19704318046569824
1.0
14.598443930041153
0.17788314819335938
1.0
10.763888888888888
0.20241498947143555
1.0
10.009837962962964
0.17984247207641602
1.0
11.20044849537037
0.19697070121765137
1.0
9.094328703703704
0.20062971115112305
1.0
11.228009259259258
0.1809396743774414
1.0
19.428369341563787
0.19470691680908203
1.0
12.224030671296296
0.18184375762939453
1.0
12.899305555555554
0.19769048690795898
1.0
7.007523148148148
0.18239545822143555
1.0
10.961371527777777
0.18199396133422852
1.0
11.28833912037037
0.19678592681884766
1.0
10.396412037037038
0.19555282592773438
1.0
8.468708664021161
0.18131780624389648
1.0
8.908803104575165
0.19656944274902344
1.0
10.985484182098766
0.1805126667022705
1.0
9.957561728395063
0.17950201034545898
1.0
11.132812500000002
0.17692971229553223
1.0
7.652777777777777
0.17589497566223145
1.0
15.065465856481481
0.17754125595092773
1.0
11.550604423868313
0.17734813690185547
1.0
6.973017939814816
0.17695116996765137
1.0
10.55298353909465
0.19538044929504395
1.0
12.265625
0.17781853675842285
1.0
11.949363425925927
0.17962956428527832
1.0
9.274966931216932
0.18695282936096191
1.0
10.995048868312757
0.18073320388793945
1.0
12.169817386831275
0.19829535484313965
1.0
13.979166666666666
0.17861366271972656
1.0
13.872010030864198
0.17615151405334473
1.0
11.101787551440331
0.17621660232543945
1.0
13.458622685185185
0.18515682220458984
1.0
10.409722222222223
0.1997818946838379
1.0
9.088782793209875
0.19663596153259277
1.0
10.754002700617283
0.17844676971435547
1.0
11.861818415637861
0.17815542221069336
1.0
10.154224537037038
0.1956777572631836
1.0
9.666005291005291
0.19953274726867676
1.0
7.373098544973545
0.19708847999572754
1.0
19.48061342592592
0.19850873947143555
1.0
15.669367283950615
0.1775963306427002
1.0
15.072820216049381
0.18100237846374512
1.0
13.786375661375661
0.19057941436767578
1.0
7.057653356481482
0.19360041618347168
1.0
18.546730324074076
0.19314146041870117
1.0
12.401331018518517
0.17710018157958984
1.0
11.259507275132275
0.19825458526611328
1.0
12.622767857142858
0.1794278621673584
1.0
9.769675925925927
0.19795966148376465
1.0
12.123360339506172
0.1880638599395752
1.0
11.491319444444446
0.2066175937652588
1.0
8.419349747474747
0.18791913986206055
1.0
7.487090455840458
0.1805708408355713
1.0
12.87085262345679
0.18831181526184082
1.0
7.781116452991453
0.17776823043823242
1.0
8.950617283950617
0.1864471435546875
1.0
13.068287037037036
0.1981983184814453
1.0
12.590663580246915
0.17874979972839355
1.0
7.884194958847737
0.1772303581237793
1.0
9.050925925925926
0.17869830131530762
1.0
11.408058449074076
0.1770174503326416
1.0
7.551557239057238
0.19777154922485352
1.0
8.405992798353909
0.19910407066345215
1.0
4.627893518518519
0.18228769302368164
1.0
5.721129115226337
0.19859814643859863
1.0
6.4131944444444455
0.20129919052124023
1.0
4.566550925925926
0.19800209999084473
1.0
15.670331790123456
0.18952369689941406
1.0
8.315393518518517
0.2009875774383545
1.0
11.581790123456791
0.17876195907592773
1.0
14.049840856481481
0.18743205070495605
1.0
12.203621031746033
0.19171404838562012
1.0
10.521797839506172
0.1808311939239502
1.0
13.058127572016462
0.179229736328125
1.0
9.816919191919194
0.19093704223632812
1.0
11.923225308641973
0.18872666358947754
1.0
12.353877314814815
0.1981806755065918
1.0
11.731288580246913
0.1791374683380127
1.0
12.817322530864196
0.17870426177978516
1.0
9.010175540123457
0.18097686767578125
1.0
12.62104552469136
0.18173742294311523
1.0
8.179309116809115
0.1810305118560791
1.0
7.8608217592592595
0.18582510948181152
1.0
8.498746141975309
0.1986701488494873
1.0
7.232928240740742
0.17775177955627441
1.0
8.388723544973546
0.1773993968963623
1.0
8.532624421296296
0.19156241416931152
1.0
5.629629629629629
0.17648625373840332
1.0
7.23335113960114
0.19260478019714355
1.0
9.703019781144784
0.18217206001281738
1.0
9.95486111111111
0.17763590812683105
1.0
12.299679487179487
0.1761186122894287
1.0
8.791561447811446
0.19718098640441895
1.0
9.061595775462962
0.18158245086669922
1.0
11.990214646464647
0.17869234085083008
1.0
6.91998106060606
0.1963815689086914
1.0
9.02014941077441
0.1825873851776123
1.0
13.75289351851852
0.1807100772857666
1.0
11.895461309523814
0.1779325008392334
1.0
10.753103956228957
0.1968088150024414
1.0
12.663001543209875
0.18164801597595215
1.0
6.651372354497354
0.17991399765014648
1.0
8.639601139601139
0.18744349479675293
1.0
7.63671875
0.19695544242858887
1.0
8.31781355218855
0.18238377571105957
1.0
8.90697337962963
0.17952442169189453
1.0
10.944602272727273
0.17766785621643066
1.0
12.464554398148147
0.18380999565124512
1.0
10.971188822751325
0.17822694778442383
1.0
7.863794191919192
0.17812490463256836
1.0
7.661458333333333
0.1884782314300537
1.0
7.181449915824914
0.17594337463378906
1.0
7.260561342592593
0.1788477897644043
1.0
7.83010223765432
0.17772436141967773
1.0
7.770833333333334
0.17821025848388672
1.0
5.667989417989417
0.17632460594177246
1.0
10.147247942386832
0.17897653579711914
1.0
7.673404431216932
0.17720365524291992
1.0
8.708964646464649
0.19165277481079102
1.0
7.309992283950618
0.17711520195007324
1.0
9.16110220797721
0.1792621612548828
1.0
10.496106902356901
0.19364166259765625
1.0
7.635030864197531
0.17894744873046875
1.0
5.424623842592593
0.17847108840942383
1.0
7.8163580246913575
0.18567848205566406
1.0
4.785558127572016
0.17812418937683105
1.0
5.52767255892256
0.18674230575561523
1.0
4.9318415637860085
0.18784594535827637
1.0
13.015046296296296
0.17882370948791504
1.0
18.307002314814813
0.17856073379516602
1.0
12.273148148148149
0.19339299201965332
1.0
8.156539351851853
0.17854785919189453
1.0
9.636381172839508
0.1781470775604248
1.0
12.281332671957674
0.17592716217041016
1.0
9.660734953703704
0.17733073234558105
1.0
6.363168724279835
0.17691874504089355
1.0
5.23354828042328
0.17652678489685059
1.0
8.803690843621398
0.17971587181091309
1.0
8.68312757201646
0.17723584175109863
1.0
9.456340020576132
0.17708921432495117
1.0
10.879147376543209
0.1801776885986328
1.0
13.34888599537037
0.178236722946167
1.0
15.20428240740741
0.17695212364196777
1.0
8.960905349794238
0.17852044105529785
1.0
8.511491402116402
0.18007779121398926
1.0
6.6807208994708995
0.17843937873840332
1.0
11.548394097222221
0.18010950088500977
1.0
9.810474537037038
0.19154572486877441
1.0
6.998697916666666
0.19495725631713867
1.0
9.319380144032923
0.18270230293273926
1.0
8.793402777777779
0.1868884563446045
1.0
11.004774305555555
0.17679476737976074
1.0
9.011656746031745
0.19620847702026367
1.0
7.49826388888889
0.19678592681884766
1.0
11.763438786008232
0.19580650329589844
1.0
14.349626068376068
0.18468546867370605
1.0
11.768422067901234
0.1815807819366455
1.0
18.58868634259259
0.19675922393798828
1.0
10.66907051282051
0.17965435981750488
1.0
8.93016975308642
0.17943906784057617
1.0
9.145929783950619
0.17707371711730957
1.0
5.5546652421652425
0.17909717559814453
1.0
7.025199915824916
0.18355917930603027
1.0
8.749517746913579
0.17972421646118164
1.0
10.719039351851851
0.18103432655334473
1.0
8.991367669753087
0.17849254608154297
1.0
14.147569444444443
0.20176172256469727
1.0
12.262249228395062
0.17882275581359863
1.0
10.384837962962962
0.1808016300201416
1.0
9.198495370370372
0.18618392944335938
1.0
11.481744528619531
0.19956755638122559
1.0
9.693045910493828
0.19996237754821777
1.0
12.335648148148147
0.19673562049865723
1.0
12.829598063973066
0.17790746688842773
1.0
8.433573082010582
0.17785263061523438
1.0
9.289158950617285
0.1784968376159668
1.0
9.621362433862434
0.17793750762939453
1.0
7.836061507936509
0.17858529090881348
1.0
6.871021412037037
0.1972663402557373
1.0
6.625192901234569
0.19713544845581055
1.0
8.033050411522632
0.1757810115814209
1.0
10.330584490740739
0.19848370552062988
1.0
8.734375
0.17566800117492676
1.0
11.437435699588478
0.19444561004638672
1.0
8.76201923076923
0.17771244049072266
1.0
8.235496238425926
0.18099117279052734
1.0
7.64935007122507
0.18543338775634766
1.0
7.470801767676766
0.18502569198608398
1.0
13.558256172839505
0.184401273727417
1.0
7.579861111111112
0.17818427085876465
1.0
9.362702546296296
0.17800545692443848
1.0
7.038724922839506
0.17920756340026855
1.0
10.879009589947087
0.19726276397705078
1.0
8.94357638888889
0.1791374683380127
1.0
6.443420584045585
0.187269926071167
1.0
7.3658459595959584
0.19733929634094238
1.0
7.277421652421652
0.1783299446105957
1.0
6.4961419753086425
0.17882370948791504
1.0
5.22148569023569
0.19064998626708984
1.0
6.036405723905724
0.17856907844543457
1.0
9.05066287878788
0.17622900009155273
1.0
7.274042508417508
0.17850255966186523
1.0
9.269145447530864
0.18702030181884766
1.0
8.203538359788359
0.1796581745147705
1.0
7.634680134680135
0.17657947540283203
1.0
6.7329282407407405
0.17991852760314941
1.0
7.144360269360268
0.1797032356262207
1.0
5.2159617003367
0.1762850284576416
1.0
10.56607744107744
0.17793679237365723
1.0
12.794560185185182
0.20046257972717285
1.0
2.931134259259259
0.17989277839660645
1.0
5.6841563786008225
0.18071389198303223
1.0
9.033854166666668
0.18622136116027832
1.0
11.888020833333332
0.17773818969726562
1.0
9.074074074074074
0.17919039726257324
1.0
7.017361111111112
0.1816551685333252
1.0
9.811680169753087
0.1776723861694336
1.0
10.643446180555555
0.17986011505126953
1.0
13.753255208333332
0.1838083267211914
1.0
7.793692129629631
0.18636250495910645
1.0
7.2573061342592595
0.19812297821044922
1.0
6.759982638888888
0.17772865295410156
1.0
4.056299603174603
0.17862367630004883
1.0
4.954788773148148
0.17995095252990723
1.0
6.075745884773663
0.18259501457214355
1.0
7.116815476190475
0.1779160499572754
1.0
8.130787037037036
0.19747328758239746
1.0
8.22096836419753
0.17891883850097656
1.0
7.116970486111111
0.17991280555725098
1.0
7.665653935185185
0.19972872734069824
1.0
8.470568783068783
0.17814207077026367
1.0
12.952353395061728
0.17598724365234375
1.0
8.04832175925926
0.1788010597229004
1.0
10.4663387345679
0.18564963340759277
1.0
6.805555555555556
0.17920994758605957
1.0
5.286458333333333
0.1791696548461914
1.0
4.554398148148149
0.20336675643920898
1.0
5.615162037037036
0.17948532104492188
1.0
6.419477513227514
0.19672513008117676
1.0
8.679591049382717
0.1864933967590332
1.0
4.976851851851851
0.19588565826416016
1.0
3.660300925925926
0.19138383865356445
1.0
5.073784722222222
0.17853546142578125
1.0
3.0300925925925926
0.17725682258605957
1.0
11.392505787037038
0.19705700874328613
1.0
8.500578703703704
0.1783761978149414
1.0
6.5717592592592595
0.19272327423095703
1.0
5.278260030864197
0.17796993255615234
1.0
10.732060185185185
0.1878800392150879
1.0
13.151041666666666
0.19233417510986328
1.0
8.351107804232806
0.18012166023254395
1.0
7.358579282407407
0.19753360748291016
1.0
4.45119598765432
0.17793583869934082
1.0
7.828253600823045
0.18731141090393066
1.0
13.568070023148149
0.17765474319458008
1.0
10.95847800925926
0.17708730697631836
1.0
11.46267361111111
0.19003653526306152
1.0
9.43204365079365
0.1772174835205078
1.0
9.270833333333332
0.17572307586669922
1.0
12.47800925925926
0.19074034690856934
1.0
12.058738425925924
0.1788644790649414
1.0
8.17483281893004
0.18985509872436523
1.0
8.74095775462963
0.17906451225280762
1.0
8.51393711419753
0.17710423469543457
1.0
7.729673032407407
0.1963963508605957
1.0
8.984375
0.177886962890625
1.0
8.921544312169313
0.17900300025939941
1.0
11.446180555555555
0.1774885654449463
1.0
12.12673611111111
0.19572091102600098
1.0
10.384837962962962
0.19532370567321777
1.0
8.551793981481481
0.1414196491241455
1.0
14.792631172839505
0.1798388957977295
1.0
9.995659722222223
0.18146109580993652
1.0
10.241126543209878
0.17690491676330566
1.0
9.572723765432098
0.200209379196167
1.0
6.605076058201059
0.19626522064208984
1.0
8.59230324074074
0.1780860424041748
1.0
8.087962962962964
0.1779475212097168
1.0
6.464120370370369
0.1930243968963623
1.0
12.897858796296296
0.19415783882141113
1.0
9.184751157407407
0.1821424961090088
1.0
12.608375420875422
0.17738938331604004
1.0
15.99392361111111
0.17981910705566406
1.0
10.138527199074073
0.1966080665588379
1.0
7.6576967592592595
0.1881873607635498
1.0
4.880787037037036
0.17601919174194336
1.0
9.151372354497354
0.18029356002807617
1.0
10.487351190476192
0.18732070922851562
1.0
13.003472222222221
0.17917752265930176
1.0
11.242404513888891
0.18821954727172852
1.0
8.667896412037036
0.1753695011138916
1.0
6.273509837962964
0.17905640602111816
1.0
14.629216269841267
0.17522192001342773
1.0
7.372685185185185
0.17564153671264648
1.0
11.203221450617285
0.17721295356750488
1.0
13.18190586419753
0.18303680419921875
1.0
8.425202546296298
0.17856287956237793
1.0
13.660300925925927
0.17808222770690918
1.0
7.956452546296295
0.17919087409973145
1.0
6.761429398148149
0.19791507720947266
1.0
5.809606481481482
0.17860817909240723
1.0
4.302662037037037
0.1800858974456787
1.0
5.080439814814815
0.18294668197631836
1.0
7.690145502645502
0.17670917510986328
1.0
6.351634837962963
0.18973755836486816
1.0
10.15519781144781
0.19721412658691406
1.0
8.245241769547325
0.17756867408752441
1.0
5.781491126543211
0.17965006828308105
1.0
12.192708333333332
0.1804943084716797
1.0
11.073173868312757
0.1788473129272461
1.0
15.95052083333333
0.181610107421875
1.0
13.443287037037036
0.1880173683166504
1.0
7.284794560185185
0.17613530158996582
1.0
5.556712962962964
0.17892670631408691
1.0
7.424189814814815
0.17869949340820312
1.0
5.621527777777779
0.18100523948669434
1.0
7.811414930555555
0.1786055564880371
1.0
8.851851851851851
0.1968364715576172
1.0
11.64110725308642
0.17741775512695312
1.0
7.4949363425925934
0.1786024570465088
1.0
11.297536375661375
0.17820096015930176
1.0
13.041409465020575
0.1773974895477295
1.0
11.597222222222221
0.18275761604309082
1.0
9.93113425925926
0.17739343643188477
1.0
7.6558048433048445
0.17888402938842773
1.0
8.178349247685185
0.17629122734069824
1.0
7.486321548821549
0.17769455909729004
1.0
10.850935570987653
0.17847347259521484
1.0
7.6495949074074066
0.17861533164978027
1.0
8.325231481481481
0.19412946701049805
1.0
9.434799382716049
0.20300769805908203
1.0
10.356125356125357
0.17658519744873047
1.0
9.367187500000002
0.18424415588378906
1.0
8.152970679012345
0.19940876960754395
1.0
8.70627572016461
0.17936062812805176
1.0
6.46412037037037
0.1782994270324707
1.0
8.064649470899472
0.17639899253845215
1.0
14.136491402116402
0.19125771522521973
1.0
9.736207561728394
0.18502426147460938
1.0
9.382853835978837
0.1838667392730713
1.0
16.591796875
0.1863553524017334
1.0
10.256283068783071
0.18159103393554688
1.0
10.615837191358024
0.19751715660095215
1.0
9.946108217592593
0.18628215789794922
1.0
17.473169191919194
0.19962406158447266
1.0
9.800084175084175
0.19566988945007324
1.0
8.547898860398861
0.1782379150390625
1.0
7.120949074074074
0.1940293312072754
1.0
6.510416666666667
0.17688322067260742
1.0
7.489872685185186
0.18191123008728027
1.0
7.141203703703703
0.17815518379211426
1.0
5.746527777777778
0.17950749397277832
1.0
11.934711700336697
0.1776866912841797
1.0
9.254115226337449
0.17522597312927246
1.0
7.576838991769547
0.17940902709960938
1.0
7.806935541310541
0.17669367790222168
1.0
11.46723646723647
0.18247246742248535
1.0
7.73989898989899
0.17905569076538086
1.0
5.701316550925927
0.18135309219360352
1.0
7.045717592592592
0.19597744941711426
1.0
7.941623263888888
0.17938899993896484
1.0
8.025334362139917
0.18033623695373535
1.0
6.770254629629631
0.17911124229431152
1.0
7.967881944444445
0.18024420738220215
1.0
6.6567001028806585
0.19034981727600098
1.0
9.569444444444446
0.17969059944152832
1.0
9.007201646090534
0.18178868293762207
1.0
9.556327160493828
0.1785717010498047
1.0
12.03280804843305
0.20420289039611816
1.0
11.659827441077441
0.18315458297729492
1.0
12.509002057613168
0.18170928955078125
1.0
8.813898533950617
0.18892502784729004
1.0
7.174238040123458
0.18950104713439941
1.0
7.984457671957672
0.18778371810913086
1.0
10.186390817901236
0.17818856239318848
1.0
6.439236111111112
0.1762378215789795
1.0
6.500289351851852
0.17742109298706055
1.0
7.680733618233618
0.17721223831176758
1.0
10.386574074074073
0.17837905883789062
1.0
12.749462632275131
0.1785726547241211
1.0
11.277488425925926
0.1779308319091797
1.0
9.432629243827162
0.18007159233093262
1.0
10.573559670781895
0.17932653427124023
1.0
8.608506944444446
0.1793193817138672
1.0
9.891332304526749
0.1786057949066162
1.0
10.503833912037038
0.18396282196044922
1.0
9.438175154320987
0.17840337753295898
1.0
9.387217078189302
0.1834564208984375
1.0
9.81394675925926
0.19933223724365234
1.0
9.622636959876543
0.17806744575500488
1.0
7.9352678571428585
0.17933154106140137
1.0
10.161168981481485
0.17865562438964844
1.0
8.813335905349795
0.1781911849975586
1.0
7.765046296296296
0.19618487358093262
1.0
8.378739316239317
0.17992401123046875
1.0
7.3709490740740735
0.19204211235046387
1.0
8.117170479302832
0.21115970611572266
1.0
6.239068930041151
0.1781330108642578
1.0
7.287808641975308
0.1786484718322754
1.0
9.048032407407408
0.18107008934020996
1.0
8.503568672839505
0.19750332832336426
1.0
7.598379629629629
0.18278002738952637
1.0
8.009741512345679
0.17866897583007812
1.0
8.105902777777779
0.18563604354858398
1.0
5.765335648148148
0.17751264572143555
1.0
7.067660108024693
0.1997530460357666
1.0
6.764322916666667
0.17907309532165527
1.0
7.927951388888888
0.17943930625915527
1.0
9.384206649831649
0.178391695022583
1.0
8.802083333333332
0.19227075576782227
1.0
9.718460648148147
0.1802692413330078
1.0
6.159818672839506
0.1792891025543213
1.0
5.521918402777778
0.17861604690551758
1.0
7.980685763888889
0.1787865161895752
1.0
9.153284143518519
0.17812061309814453
1.0
9.72048611111111
0.19614696502685547
1.0
12.518696581196577
0.17629480361938477
1.0
10.050636574074073
0.18166875839233398
1.0
10.806178774928773
0.1779625415802002
1.0
11.349826388888886
0.18004226684570312
1.0
10.509452160493826
0.18154096603393555
1.0
8.659143518518517
0.1972208023071289
1.0
8.856095679012347
0.17991065979003906
1.0
9.41860945767196
0.17670822143554688
1.0
6.550347222222223
0.17839455604553223
1.0
8.16951566951567
0.17926335334777832
1.0
8.288897156084655
0.17796707153320312
1.0
5.067170965608464
0.1780397891998291
1.0
7.198247354497354
0.19792413711547852
1.0
9.110243055555554
0.17536592483520508
1.0
9.541666666666666
0.17836737632751465
1.0
5.286984427609427
0.17845630645751953
1.0
5.551456404320987
0.1814897060394287
1.0
5.674913194444444
0.17606687545776367
1.0
8.117766203703706
0.18035030364990234
1.0
8.345775462962962
0.17929410934448242
1.0
4.3699363425925934
0.17816543579101562
1.0
7.156876929012345
0.18654465675354004
1.0
7.034143518518519
0.1905684471130371
1.0
7.2954282407407405
0.19426774978637695
1.0
7.1775334362139915
0.19838929176330566
1.0
6.8467078189300405
0.17670345306396484
1.0
8.763020833333334
0.17715692520141602
1.0
11.676793981481481
0.18006491661071777
1.0
9.062178497942387
0.1791229248046875
1.0
7.33822601010101
0.1778736114501953
1.0
5.89891975308642
0.17990827560424805
1.0
6.060474537037037
0.19690227508544922
1.0
10.62331211419753
0.19948911666870117
1.0
5.507233796296297
0.18319416046142578
1.0
9.098875661375661
0.17952203750610352
1.0
6.513792438271604
0.181077241897583
1.0
10.355076058201059
0.18094515800476074
1.0
18.743127893518515
0.1912364959716797
1.0
13.472222222222223
0.17780542373657227
1.0
9.16775173611111
0.17844653129577637
1.0
6.803075396825398
0.18626141548156738
1.0
7.022569444444445
0.17847824096679688
1.0
7.749894781144781
0.1807270050048828
1.0
7.9337384259259265
0.18041682243347168
1.0
10.843460648148149
0.1779639720916748
1.0
7.915108618233617
0.1995995044708252
1.0
6.9048996913580245
0.19617724418640137
1.0
9.72248526936027
0.1785874366760254
1.0
7.959201388888888
0.1942281723022461
1.0
8.844170875420874
0.17859864234924316
1.0
8.65162037037037
0.17914819717407227
1.0
11.357060185185187
0.17709898948669434
1.0
14.340760030864198
0.19767165184020996
1.0
7.65600887345679
0.182783842086792
1.0
8.117371632996635
0.18928003311157227
1.0
7.806230709876544
0.1764662265777588
1.0
5.073127104377105
0.18269586563110352
1.0
6.056857638888889
0.17969536781311035
1.0
5.859375
0.19818735122680664
1.0
10.41087962962963
0.18985271453857422
1.0
9.821759259259258
0.1910841464996338
1.0
8.672401094276095
0.1775515079498291
1.0
6.8881321225071215
0.18423700332641602
1.0
4.761646412037037
0.17586159706115723
1.0
6.872106481481482
0.17654204368591309
1.0
5.452256944444445
0.19734549522399902
1.0
4.603587962962964
0.17857766151428223
1.0
5.237268518518519
0.1972963809967041
1.0
10.302662037037035
0.17569327354431152
1.0
8.255621693121693
0.19698286056518555
1.0
9.418402777777779
0.1771678924560547
1.0
16.550202546296294
0.19728493690490723
1.0
17.4096579218107
0.1796724796295166
1.0
10.400390625
0.19231462478637695
1.0
11.305700231481483
0.17776989936828613
1.0
12.316743827160494
0.19565439224243164
1.0
5.7040895061728385
0.17943596839904785
1.0
6.9936342592592595
0.18211841583251953
1.0
10.326441498316498
0.17977666854858398
1.0
9.599006558641976
0.18973970413208008
1.0
11.218653549382715
0.1792280673980713
1.0
8.204390914351851
0.17803335189819336
1.0
8.044204059829058
0.17902350425720215
1.0
9.983362268518517
0.2098839282989502
1.0
10.90798611111111
0.18965411186218262
1.0
7.935763888888888
0.19566774368286133
1.0
8.269965277777779
0.19161176681518555
1.0
7.434895833333334
0.18294167518615723
1.0
8.966145833333334
0.17836761474609375
1.0
8.174430941358025
0.18141388893127441
1.0
6.388221153846154
0.17761635780334473
1.0
6.271306818181817
0.17781567573547363
1.0
7.262731481481481
0.1785597801208496
1.0
7.6496913580246915
0.17687225341796875
1.0
7.755015432098767
0.18195199966430664
1.0
5.56630291005291
0.18090224266052246
1.0
8.085394965277777
0.17780232429504395
1.0
7.979211182336183
0.17669177055358887
1.0
11.529706790123457
0.19972896575927734
1.0
11.491942663817664
0.1788933277130127
1.0
8.389362373737374
0.17837071418762207
1.0
10.771949404761907
0.17552590370178223
1.0
8.58912037037037
0.17982769012451172
1.0
9.273200757575758
0.17831134796142578
1.0
7.5672186609686625
0.17790460586547852
1.0
6.381786616161616
0.1786329746246338
1.0
6.9308449074074066
0.17854070663452148
1.0
5.382612179487179
0.18030118942260742
1.0
7.723186728395061
0.17587566375732422
1.0
9.762731481481481
0.1971435546875
1.0
8.446593915343916
0.17833518981933594
1.0
9.25
0.1802501678466797
1.0
10.068962191358027
0.19777584075927734
1.0
9.458188657407405
0.17789196968078613
1.0
8.077546296296296
0.19724202156066895
1.0
10.145640432098766
0.19544458389282227
1.0
7.952835648148148
0.17957830429077148
1.0
4.549768518518518
0.1965186595916748
1.0
7.740885416666665
0.17902851104736328
1.0
6.42385223765432
0.19101476669311523
1.0
8.898095538720538
0.19717144966125488
1.0
5.80150462962963
0.19050955772399902
1.0
7.982494212962965
0.18218111991882324
1.0
9.934069113756612
0.18359756469726562
1.0
6.573021885521885
0.19732379913330078
1.0
6.3153452932098775
0.17771458625793457
1.0
10.387111441798941
0.19635009765625
1.0
7.850338319088319
0.19974493980407715
1.0
9.020254629629628
0.19677352905273438
1.0
9.581645447530866
0.20346546173095703
1.0
6.826171875000001
0.17995619773864746
1.0
8.237461419753085
0.1778120994567871
1.0
14.213445216049385
0.19955825805664062
1.0
11.780829124579123
0.20122027397155762
1.0
6.596016589506173
0.17583560943603516
1.0
7.316261574074074
0.17744207382202148
1.0
7.113846801346801
0.17746663093566895
1.0
8.355516975308642
0.1758577823638916
1.0
8.179976851851853
0.17951607704162598
1.0
6.438078703703703
0.18055272102355957
1.0
8.360821759259261
0.18062734603881836
1.0
10.217592592592592
0.17881369590759277
1.0
11.54931841563786
0.17765188217163086
1.0
8.710358796296296
0.17734670639038086
1.0
7.682959401709401
0.188767671585083
1.0
8.061868686868687
0.1786365509033203
1.0
10.107060185185185
0.17577838897705078
1.0
11.42361111111111
0.1794874668121338
1.0
6.248649691358024
0.1838207244873047
1.0
8.358989197530864
0.1905207633972168
1.0
7.714843750000001
0.1803569793701172
1.0
10.200968013468014
0.18123435974121094
1.0
7.518028846153846
0.17749547958374023
1.0
6.895897633744855
0.17873215675354004
1.0
8.60496238425926
0.17524123191833496
1.0
16.234085648148145
0.17656159400939941
1.0
10.003858024691358
0.17918682098388672
1.0
12.065972222222223
0.17857003211975098
1.0
11.284308862433862
0.18055057525634766
1.0
8.570601851851851
0.2042217254638672
1.0
6.827876984126983
0.19705557823181152
1.0
8.386381172839505
0.19587993621826172
1.0
5.9389467592592595
0.17781352996826172
1.0
9.140625
0.17660164833068848
1.0
9.010706018518519
0.21919894218444824
1.0
9.541087962962964
0.1836850643157959
1.0
9.89977904040404
0.18535995483398438
1.0
9.592459045584047
0.18938374519348145
1.0
8.539858217592593
0.19790005683898926
1.0
7.432659932659934
0.17700481414794922
1.0
11.215277777777777
0.17727994918823242
1.0
9.402822293447294
0.17710161209106445
1.0
8.690476190476192
0.17586183547973633
1.0
8.038862179487179
0.2019026279449463
1.0
9.13928952991453
0.17980384826660156
1.0
9.441550925925926
0.17671656608581543
1.0
6.1548032407407405
0.17564988136291504
1.0
6.60116792929293
0.17937254905700684
1.0
6.805555555555555
0.18133997917175293
1.0
9.672205687830687
0.17765331268310547
1.0
8.413869598765432
0.17819976806640625
1.0
7.26438492063492
0.18007421493530273
1.0
7.261396011396011
0.1857144832611084
1.0
10.171830484330485
0.1983339786529541
1.0
7.067024410774412
0.17771649360656738
1.0
9.610821759259258
0.17720437049865723
1.0
6.937692901234567
0.17879199981689453
1.0
6.905864197530865
0.19162797927856445
1.0
8.071650752314815
0.18631410598754883
1.0
7.466724537037036
0.21030879020690918
1.0
10.908978174603176
0.18042826652526855
1.0
7.625454695767195
0.17651128768920898
1.0
7.245177469135801
0.17846941947937012
1.0
11.455176767676768
0.17749762535095215
1.0
9.655671296296294
0.17818379402160645
1.0
11.143280228758167
0.1797323226928711
1.0
10.472883597883598
0.19681978225708008
1.0
6.604850589225588
0.18018126487731934
1.0
6.324179292929292
0.1989583969116211
1.0
7.062596450617282
0.17801260948181152
1.0
6.776000330687831
0.1781325340270996
1.0
6.554723668981481
0.17734217643737793
1.0
7.254273504273504
0.17898344993591309
1.0
9.405140817901236
0.19669818878173828
1.0
8.387988683127572
0.18051815032958984
1.0
9.043803418803419
0.19664311408996582
1.0
6.647376543209877
0.176497220993042
1.0
5.35228587962963
0.17748141288757324
1.0
9.098668981481481
0.1803908348083496
1.0
5.646219135802469
0.20754575729370117
1.0
10.626929012345679
0.1775810718536377
1.0
10.14306841563786
0.17576098442077637
1.0
9.286024305555555
0.1835651397705078
1.0
6.847718253968254
0.19661855697631836
1.0
16.24855324074074
0.1926717758178711
1.0
16.286651234567902
0.18946337699890137
1.0
7.809244791666666
0.18550491333007812
1.0
8.315248842592595
0.18511295318603516
1.0
6.084806397306398
0.19925785064697266
1.0
7.699074074074074
0.1755661964416504
1.0
5.767939814814814
0.19313859939575195
1.0
5.335069444444445
0.17911005020141602
1.0
6.033629115226337
0.17836236953735352
1.0
16.864872685185187
0.1867046356201172
1.0
11.374421296296296
0.17786026000976562
1.0
11.220341435185187
0.17603325843811035
1.0
10.98560474537037
0.17793536186218262
1.0
7.54267939814815
0.17827558517456055
1.0
7.771629050925926
0.19532489776611328
1.0
7.140842013888888
0.1974778175354004
1.0
10.081380208333334
0.17575573921203613
1.0
10.630465534979425
0.1969311237335205
1.0
14.437934027777775
0.17922711372375488
1.0
7.3712384259259265
0.1787862777709961
1.0
7.367259837962963
0.17877817153930664
1.0
8.532723063973064
0.17966222763061523
1.0
8.092086226851851
0.17772459983825684
1.0
11.517650462962962
0.181884765625
1.0
12.579966329966329
0.21065306663513184
1.0
7.111786265432098
0.18801116943359375
1.0
5.474010942760944
0.18043279647827148
1.0
7.712805134680133
0.17867183685302734
1.0
5.661530671296297
0.17766380310058594
1.0
6.356738683127572
0.17673420906066895
1.0
4.407655423280423
0.17787814140319824
1.0
5.017361111111112
0.18232011795043945
1.0
4.2701903292181065
0.1781151294708252
1.0
11.270543981481481
0.17816972732543945
1.0
17.893518518518515
0.1756749153137207
1.0
10.035511363636365
0.17541885375976562
1.0
10.71380876068376
0.1772449016571045
1.0
9.195280349794238
0.17894363403320312
1.0
8.509476273148147
0.17982125282287598
1.0
10.64380787037037
0.17953968048095703
1.0
4.139178240740741
0.19750118255615234
1.0
4.804480820105821
0.17648792266845703
1.0
9.58912037037037
0.18036580085754395
1.0
8.63136574074074
0.19446301460266113
1.0
10.732060185185185
0.17843031883239746
1.0
6.93287037037037
0.18326544761657715
1.0
6.769748263888888
0.18131566047668457
1.0
11.733217592592593
0.19630646705627441
1.0
10.77076099537037
0.18981099128723145
1.0
8.371362433862434
0.18117165565490723
1.0
5.198567708333333
0.19066238403320312
1.0
14.955873842592593
0.1829056739807129
1.0
10.430652006172838
0.18021345138549805
1.0
9.802276234567902
0.17945313453674316
1.0
7.441044560185186
0.17812776565551758
1.0
8.84548611111111
0.17887210845947266
1.0
7.8383005401234565
0.17689061164855957
1.0
6.559124228395061
0.1781773567199707
1.0
5.025515572390572
0.17914032936096191
1.0
4.776877572016461
0.18558764457702637
1.0
6.08086069023569
0.17980170249938965
1.0
6.916473765432098
0.17874503135681152
1.0
7.130787037037036
0.17690682411193848
1.0
9.32323816872428
0.1806485652923584
1.0
13.928345959595958
0.17884039878845215
1.0
11.626157407407407
0.17728328704833984
1.0
8.433400848765432
0.17547845840454102
1.0
5.879629629629629
0.19594597816467285
1.0
11.258680555555555
0.19552373886108398
1.0
13.784722222222223
0.1772630214691162
1.0
8.935185185185185
0.17923855781555176
1.0
11.495466820987653
0.19764232635498047
1.0
9.93923611111111
0.17637944221496582
1.0
17.160631613756614
0.17808961868286133
1.0
9.664030349794238
0.1802384853363037
1.0
6.626880787037036
0.19619035720825195
1.0
7.387635030864197
0.17915701866149902
1.0
14.278273809523807
0.1872696876525879
1.0
5.023148148148148
0.17833161354064941
1.0
4.382440476190476
0.1901535987854004
1.0
9.98022762345679
0.1770467758178711
1.0
9.789858217592595
0.17705273628234863
1.0
9.722222222222225
0.1759035587310791
1.0
8.598090277777779
0.19911956787109375
1.0
8.032407407407408
0.19312739372253418
1.0
6.2338789682539675
0.1875455379486084
1.0
6.037326388888888
0.19634604454040527
1.0
9.14866255144033
0.18498492240905762
1.0
5.6915509259259265
0.177825927734375
1.0
7.533436213991769
0.17858171463012695
1.0
8.663773148148149
0.17502760887145996
1.0
5.317322530864199
0.17827701568603516
1.0
6.418145576131687
0.17821955680847168
1.0
8.95286779835391
0.17597365379333496
1.0
4.270833333333333
0.19115805625915527
1.0
6.060635288065844
0.17757678031921387
1.0
16.015625
0.17971110343933105
1.0
6.960978835978837
0.1809096336364746
1.0
6.338458994708994
0.17705297470092773
1.0
11.821630658436213
0.17874789237976074
1.0
13.843832671957673
0.1887509822845459
1.0
11.102430555555557
0.17650818824768066
1.0
8.468171296296296
0.18502449989318848
1.0
6.21875
0.1970233917236328
1.0
7.323977623456789
0.17833232879638672
1.0
7.668402777777777
0.19484901428222656
1.0
11.075665509259261
0.178297758102417
1.0
7.472672325102882
0.1777791976928711
1.0
12.62667181069959
0.17811894416809082
1.0
14.542824074074074
0.17557477951049805
1.0
9.20180224867725
0.20009303092956543
1.0
7.062665343915343
0.1784365177154541
1.0
8.286394032921812
0.17758965492248535
1.0
6.119791666666667
0.17836761474609375
1.0
8.527199074074073
0.18202614784240723
1.0
6.203993055555555
0.17832708358764648
1.0
7.208775871459696
0.18230581283569336
1.0
4.260223765432099
0.1754438877105713
1.0
5.050797325102881
0.17672419548034668
1.0
10.123939043209877
0.18034648895263672
1.0
8.273212448559669
0.2039346694946289
1.0
9.279513888888891
0.1898655891418457
1.0
6.514274691358024
0.17629408836364746
1.0
7.2345196759259265
0.17940902709960938
1.0
6.942515432098765
0.18066906929016113
1.0
6.6056134259259265
0.17946672439575195
1.0
9.080946180555557
0.1758103370666504
1.0
10.422867063492063
0.18768906593322754
1.0
6.967110339506173
0.19959616661071777
1.0
12.216073495370372
0.17711377143859863
1.0
13.484953703703704
0.17872262001037598
1.0
11.734664351851853
0.17924284934997559
1.0
11.05876473063973
0.18323135375976562
1.0
7.90573559670782
0.19744229316711426
1.0
9.389949845679013
0.17922639846801758
1.0
7.724661044973545
0.19615435600280762
1.0
9.07577614379085
0.18067216873168945
1.0
8.269008190883191
0.17736220359802246
1.0
6.2815875771604945
0.1943359375
1.0
7.87704772079772
0.17933082580566406
1.0
6.2173032407407405
0.17767977714538574
1.0
7.030928497942387
0.18731951713562012
1.0
5.106192129629629
0.1792600154876709
1.0
11.21503665123457
0.17872214317321777
1.0
11.630831552706551
0.17838191986083984
1.0
7.5819830246913575
0.17908525466918945
1.0
6.552372685185186
0.19680070877075195
1.0
7.000385802469136
0.17623496055603027
1.0
6.116319444444445
0.17893004417419434
1.0
5.23354828042328
0.17579293251037598
1.0
8.243634259259258
0.17829084396362305
1.0
4.827996399176955
0.17881512641906738
1.0
11.206071127946128
0.17765474319458008
1.0
13.711741255144032
0.19864797592163086
1.0
16.510003306878307
0.1777355670928955
1.0
9.509910300925926
0.1762080192565918
1.0
8.171709656084657
0.17809271812438965
1.0
13.772063078703702
0.19806432723999023
1.0
12.487461419753087
0.19720792770385742
1.0
13.495370370370372
0.18073034286499023
1.0
7.584635416666667
0.18313193321228027
1.0
13.18190586419753
0.17641139030456543
1.0
16.51248346560846
0.1780257225036621
1.0
11.448045267489713
0.1757678985595703
1.0
5.6382275132275135
0.18996119499206543
1.0
12.53761574074074
0.17770719528198242
1.0
14.923804012345679
0.1842362880706787
1.0
14.20331790123457
0.18432283401489258
1.0
10.191293724279838
0.17784619331359863
1.0
9.772569444444445
0.1946117877960205
1.0
10.570023148148149
0.17605185508728027
1.0
14.741030092592592
0.1776270866394043
1.0
9.127121913580247
0.18555045127868652
1.0
12.325721153846157
0.18683695793151855
1.0
10.100239748677248
0.19734859466552734
1.0
5.913869598765431
0.17769312858581543
1.0
10.432692307692308
0.1880178451538086
1.0
5.132575757575758
0.17870402336120605
1.0
9.087094907407408
0.1798996925354004
1.0
13.143807870370372
0.19017910957336426
1.0
8.187099358974358
0.17862749099731445
1.0
9.788773148148149
0.1776564121246338
1.0
11.834671585648147
0.17753362655639648
1.0
13.691340488215486
0.17769765853881836
1.0
10.790895061728396
0.17747139930725098
1.0
10.956702441077441
0.19549345970153809
1.0
7.598642676767678
0.1820697784423828
1.0
8.44565446127946
0.17559313774108887
1.0
6.43923611111111
0.17740559577941895
1.0
11.71071244855967
0.19088006019592285
1.0
12.159207818930042
0.17583274841308594
1.0
12.313528806584364
0.18876981735229492
1.0
7.668237433862435
0.19714713096618652
1.0
13.309220679012347
0.1793959140777588
1.0
10.151252104377106
0.1806812286376953
1.0
7.799720293209874
0.18408727645874023
1.0
14.302439458689456
0.19046545028686523
1.0
17.26194234006734
0.1889653205871582
1.0
10.29335826210826
0.1956160068511963
1.0
8.438705632716049
0.19536280632019043
1.0
9.320023148148149
0.17944693565368652
1.0
11.182581018518517
0.17936015129089355
1.0
9.779128086419755
0.19068551063537598
1.0
4.691840277777777
0.17536354064941406
1.0
11.275752314814813
0.1784980297088623
1.0
11.19130291005291
0.17768406867980957
1.0
11.487911522633745
0.17799091339111328
1.0
10.606995884773664
0.17989325523376465
1.0
10.034143518518519
0.1788158416748047
1.0
17.763671875
0.17648935317993164
1.0
13.802910052910052
0.17972660064697266
1.0
12.627314814814813
0.1996157169342041
1.0
17.284915123456795
0.17931437492370605
1.0
12.791956018518519
0.17990398406982422
1.0
9.247106481481483
0.18851757049560547
1.0
6.915509259259259
0.18024706840515137
1.0
6.277882996632996
0.17574524879455566
1.0
8.032166280864198
0.18116545677185059
1.0
9.539667508417509
0.1829664707183838
1.0
9.17361111111111
0.1847379207611084
1.0
8.921607905982906
0.1803281307220459
1.0
10.487426346801348
0.1856234073638916
1.0
10.883809156378602
0.17850852012634277
1.0
8.514338991769545
0.1894063949584961
1.0
9.217142489711934
0.1804976463317871
1.0
9.410686728395063
0.17951035499572754
1.0
7.4281442901234565
0.17664527893066406
1.0
8.916377314814815
0.18503546714782715
1.0
6.341435185185185
0.17815041542053223
1.0
8.704025205761319
0.1883254051208496
1.0
8.7042297979798
0.17618823051452637
1.0
8.848905723905723
0.1867842674255371
1.0
6.629292052469136
0.17557525634765625
1.0
6.536458333333333
0.17676424980163574
1.0
12.875894360269358
0.17642831802368164
1.0
9.906828703703702
0.17913603782653809
1.0
4.610982510288065
0.18000459671020508
1.0
5.608281893004115
0.19848275184631348
1.0
5.715112433862434
0.19872069358825684
1.0
7.907986111111111
0.1814103126525879
1.0
7.6092303240740735
0.17975354194641113
1.0
4.973476080246913
0.17746734619140625
1.0
7.714533730158732
0.18613839149475098
1.0
10.537037037037038
0.17933106422424316
1.0
7.630529835390947
0.18130278587341309
1.0
8.16261574074074
0.1873791217803955
1.0
6.5500992063492065
0.17816495895385742
1.0
9.180410879629628
0.17757463455200195
1.0
11.018880208333332
0.1822364330291748
1.0
6.943576388888888
0.17790842056274414
1.0
6.739647633744855
0.17903733253479004
1.0
6.0821759259259265
0.17720675468444824
1.0
5.398065476190475
0.17603516578674316
1.0
5.324074074074074
0.17899847030639648
1.0
8.048655626780628
0.17683839797973633
1.0
8.44087577160494
0.17927908897399902
1.0
7.46772613960114
0.1790323257446289
1.0
8.243393132716049
0.18956255912780762
1.0
6.882233796296296
0.18443608283996582
1.0
11.664186507936508
0.18505358695983887
1.0
8.432798032407408
0.1789686679840088
1.0
10.62427662037037
0.17741036415100098
1.0
7.3350694444444455
0.1968696117401123
1.0
6.796553497942387
0.19757318496704102
1.0
10.619936342592593
0.17982149124145508
1.0
10.66261574074074
0.18831157684326172
1.0
10.786313657407408
0.19616460800170898
1.0
6.986400462962964
0.17714691162109375
1.0
6.071887860082304
0.1964888572692871
1.0
10.045262896825395
0.17730498313903809
1.0
11.562293320105821
0.17845392227172852
1.0
10.082465277777779
0.17611336708068848
1.0
8.487929894179894
0.1778249740600586
1.0
16.051136363636363
0.18939900398254395
1.0
9.237446581196583
0.18103480339050293
1.0
11.861255787037036
0.17725539207458496
1.0
9.25503027065527
0.18957018852233887
1.0
7.833644943019943
0.18055367469787598
1.0
11.236111111111112
0.17888975143432617
1.0
12.500413359788363
0.1952826976776123
1.0
6.103463955026455
0.18648147583007812
1.0
7.227623456790123
0.17946767807006836
1.0
7.970486111111112
0.17905402183532715
1.0
8.710603632478632
0.17805838584899902
1.0
6.576099537037036
0.17914938926696777
1.0
8.533950617283951
0.18576550483703613
1.0
8.045428240740742
0.17824411392211914
1.0
6.60114914021164
0.1894223690032959
1.0
9.98508725071225
0.17878246307373047
1.0
10.981867283950615
0.18115544319152832
1.0
7.798254985754985
0.1855161190032959
1.0
8.520326967592593
0.18673372268676758
1.0
10.938786008230453
0.19654631614685059
1.0
7.138953189300413
0.19634485244750977
1.0
7.141992845117846
0.19576501846313477
1.0
11.515480324074074
0.1922914981842041
1.0
8.108281893004115
0.19411754608154297
1.0
11.204788773148149
0.19758152961730957
1.0
10.618248456790123
0.1767139434814453
1.0
7.511128917378916
0.17621684074401855
1.0
8.63610058922559
0.18033361434936523
1.0
7.408275462962964
0.18213391304016113
1.0
6.589409722222223
0.2085103988647461
1.0
6.49755658436214
0.20493483543395996
1.0
7.535083912037036
0.1825275421142578
1.0
6.81712962962963
0.18398070335388184
1.0
10.391493055555554
0.19223284721374512
1.0
6.358989197530864
0.17855429649353027
1.0
9.471450617283953
0.18893861770629883
1.0
8.063657407407408
0.18395304679870605
1.0
9.566333912037036
0.17733430862426758
1.0
8.875289351851851
0.19857072830200195
1.0
8.439773478835978
0.1793825626373291
1.0
5.800861625514404
0.19884276390075684
1.0
6.127420033670034
0.1799304485321045
1.0
6.227494855967078
0.1787097454071045
1.0
11.210937499999998
0.1764540672302246
1.0
8.218381734006734
0.17915081977844238
1.0
10.310226521164022
0.1880054473876953
1.0
9.66251052188552
0.18230271339416504
1.0
7.793692129629628
0.18003177642822266
1.0
6.0227475071225065
0.18294286727905273
1.0
8.727936921296298
0.19537568092346191
1.0
7.966026688453157
0.19727563858032227
1.0
10.532933501683502
0.19365358352661133
1.0
7.071180555555555
0.1776587963104248
1.0
7.184895833333334
0.17853736877441406
1.0
10.477167508417507
0.2002096176147461
1.0
6.145471643518518
0.18773794174194336
1.0
7.520667989417988
0.1787891387939453
1.0
12.50397858796296
0.18708062171936035
1.0
8.401692708333334
0.18183207511901855
1.0
8.070666152263376
0.1779634952545166
1.0
6.21214313271605
0.20361542701721191
1.0
5.022095959595959
0.18257927894592285
1.0
6.15162037037037
0.19861865043640137
1.0
12.613187636165579
0.18715262413024902
1.0
8.877314814814813
0.1757655143737793
1.0
13.000133547008547
0.1775951385498047
1.0
13.856837606837608
0.17683625221252441
1.0
12.379629629629632
0.1784825325012207
1.0
7.918113425925924
0.178725004196167
1.0
5.474537037037037
0.1812121868133545
1.0
5.68080357142857
0.17586660385131836
1.0
11.042390046296296
0.18224883079528809
1.0
8.103430134680137
0.17810297012329102
1.0
9.870997299382717
0.17972850799560547
1.0
10.637779706790122
0.19451141357421875
1.0
9.729567307692308
0.18413281440734863
1.0
7.999751984126982
0.17852425575256348
1.0
10.65261994949495
0.19792723655700684
1.0
9.426256613756612
0.18159699440002441
1.0
8.05266203703704
0.1809537410736084
1.0
8.056588955026456
0.1838686466217041
1.0
8.742223668981481
0.18168950080871582
1.0
9.839650848765432
0.1943807601928711
1.0
7.08564814814815
0.17588233947753906
1.0
6.922164351851852
0.19848179817199707
1.0
9.156539351851851
0.18977737426757812
1.0
12.082713293650793
0.19836139678955078
1.0
9.076967592592593
0.1884148120880127
1.0
8.220749158249157
0.18026328086853027
1.0
8.39457947530864
0.18969941139221191
1.0
6.42609126984127
0.17894339561462402
1.0
7.652633101851852
0.17745685577392578
1.0
10.55338541666667
0.1776561737060547
1.0
9.300672743055557
0.19193196296691895
1.0
9.853543447293449
0.2021348476409912
1.0
7.158854166666667
0.18421578407287598
1.0
4.7900591563786
0.18165087699890137
1.0
9.4897762345679
0.18602204322814941
1.0
4.9281881313131315
0.17893338203430176
1.0
7.072916666666667
0.18750381469726562
1.0
8.23752572016461
0.17877459526062012
1.0
10.512152777777779
0.1973419189453125
1.0
10.938815235690237
0.1784219741821289
1.0
7.608989197530864
0.19736242294311523
1.0
7.208333333333333
0.17969155311584473
1.0
8.030719521604938
0.1775035858154297
1.0
6.609241452991451
0.18479108810424805
1.0
7.442352207977209
0.18253183364868164
1.0
7.4646990740740735
0.177018404006958
1.0
8.974729938271606
0.19496774673461914
1.0
6.5190972222222205
0.19747328758239746
1.0
10.542200854700853
0.1935720443725586
1.0
9.82735339506173
0.18156099319458008
1.0
12.359775641025639
0.19816279411315918
1.0
10.83767361111111
0.17835187911987305
1.0
10.9130658436214
0.17766284942626953
1.0
10.491898148148149
0.19737672805786133
1.0
8.649305555555555
0.17901301383972168
1.0
7.3472635582010595
0.1780083179473877
1.0
7.97290943287037
0.18084287643432617
1.0
8.689649470899472
0.18070149421691895
1.0
8.445891203703704
0.18346500396728516
1.0
9.480902777777779
0.19617247581481934
1.0
9.205729166666668
0.1781482696533203
1.0
7.299704218106996
0.17822551727294922
1.0
8.112943672839505
0.19346976280212402
1.0
9.63147095959596
0.1807863712310791
1.0
7.832392939814816
0.17593598365783691
1.0
8.032407407407407
0.19178390502929688
1.0
6.418402777777778
0.17818355560302734
1.0
9.256143162393162
0.19664812088012695
1.0
5.836226851851852
0.18216156959533691
1.0
7.324701003086418
0.18013978004455566
1.0
12.19951923076923
0.18369269371032715
1.0
4.680266203703704
0.17931580543518066
1.0
6.658468364197531
0.17998743057250977
1.0
11.939621913580247
0.20118474960327148
1.0
14.375964506172842
0.18332433700561523
1.0
10.294270833333334
0.18558597564697266
1.0
7.650704089506174
0.18873906135559082
1.0
9.836722883597885
0.17733097076416016
1.0
8.058862433862434
0.17987632751464844
1.0
9.470223063973064
0.1870114803314209
1.0
10.779079861111112
0.19989991188049316
1.0
16.170094373219374
0.1784965991973877
1.0
8.73234953703704
0.18169260025024414
1.0
16.861436631944446
0.1805403232574463
1.0
11.6057325708061
0.17866015434265137
1.0
10.303176440329217
0.17946958541870117
1.0
8.164737654320986
0.17727231979370117
1.0
7.187054843304844
0.17822742462158203
1.0
8.339646464646464
0.18001794815063477
1.0
12.148919753086423
0.17490935325622559
1.0
13.272346866096864
0.1846449375152588
1.0
9.347752700617283
0.17753362655639648
1.0
16.60943930041152
0.19626498222351074
1.0
10.20850354030501
0.19931936264038086
1.0
8.563453159041396
0.17865300178527832
1.0
7.8134645061728385
0.17822551727294922
1.0
9.136173433048434
0.18375301361083984
1.0
6.467656893004115
0.17973828315734863
1.0
7.567603114478115
0.17628264427185059
1.0
8.374368686868687
0.18149852752685547
1.0
6.505915637860082
0.18461275100708008
1.0
10.329861111111109
0.17902922630310059
1.0
10.822172619047619
0.19873881340026855
1.0
8.257838804713804
0.177809476852417
1.0
6.225244341563787
0.18102622032165527
1.0
9.905237268518515
0.18068432807922363
1.0
7.692418981481482
0.1776728630065918
1.0
6.920814043209876
0.17812252044677734
1.0
8.78658234126984
0.18058037757873535
1.0
7.825107473544973
0.1955711841583252
1.0
9.575503812636164
0.17792010307312012
1.0
5.664223251028806
0.18801283836364746
1.0
8.186444716775599
0.19927549362182617
1.0
8.917653867102397
0.17942571640014648
1.0
7.22993827160494
0.17736124992370605
1.0
7.752700617283951
0.1793375015258789
1.0
7.276813271604937
0.1788334846496582
1.0
6.982727920227919
0.17866277694702148
1.0
10.86255787037037
0.1795494556427002
1.0
10.508680555555554
0.17838239669799805
1.0
7.250044515669516
0.1772933006286621
1.0
7.702323717948717
0.19475817680358887
1.0
6.243344907407407
0.17571091651916504
1.0
8.905092592592593
0.18001031875610352
1.0
7.772331154684097
0.17672467231750488
1.0
8.41724537037037
0.18139338493347168
1.0
7.876736111111112
0.1792287826538086
1.0
7.986914866255144
0.1771087646484375
1.0
11.024466306584364
0.1956324577331543
1.0
9.595352564102564
0.17542076110839844
1.0
7.931134259259259
0.17601919174194336
1.0
7.661623677248677
0.17723751068115234
1.0
9.0966796875
0.19611716270446777
1.0
7.450190145502646
0.18259334564208984
1.0
6.130839646464647
0.17579269409179688
1.0
6.950231481481481
0.1807267665863037
1.0
10.203436609686609
0.18557476997375488
1.0
7.152584876543212
0.1758594512939453
1.0
7.186535493827161
0.17920565605163574
1.0
5.946969696969697
0.18071460723876953
1.0
6.324179292929293
0.1794147491455078
1.0
7.730429292929292
0.19661545753479004
1.0
6.409722222222223
0.20224380493164062
1.0
7.9726080246913575
0.17942142486572266
1.0
8.604681069958849
0.18192744255065918
1.0
9.651089891975307
0.1843111515045166
1.0
6.27097800925926
0.20824623107910156
1.0
9.370528198653197
0.18267035484313965
1.0
10.56568287037037
0.17864060401916504
1.0
11.516410383597885
0.17783594131469727
1.0
7.75440705128205
0.18063116073608398
1.0
6.635561342592592
0.17918086051940918
1.0
6.75564236111111
0.17822909355163574
1.0
10.950038580246913
0.1971585750579834
1.0
6.842119107744107
0.1809074878692627
1.0
7.301905270655272
0.17973542213439941
1.0
5.339506172839507
0.17813944816589355
1.0
10.634206649831652
0.17802786827087402
1.0
12.070601851851853
0.17890691757202148
1.0
7.700376157407408
0.19267845153808594
1.0
10.042679398148147
0.19696354866027832
1.0
11.69415509259259
0.17749428749084473
1.0
7.5407723063973044
0.17727041244506836
1.0
6.756655092592593
0.18251490592956543
1.0
7.177166005291006
0.19675016403198242
1.0
5.7773919753086425
0.17967510223388672
1.0
8.280888310185185
0.18572163581848145
1.0
13.849619708994709
0.1849207878112793
1.0
8.474063552188552
0.18382549285888672
1.0
9.850823045267488
0.20212316513061523
1.0
12.188946759259258
0.18407821655273438
1.0
7.664448302469136
0.19700264930725098
1.0
8.024016203703704
0.18962764739990234
1.0
7.53978587962963
0.1776435375213623
1.0
4.925181878306878
0.17716217041015625
1.0
8.866825810185187
0.17763042449951172
1.0
9.008391203703704
0.17546963691711426
1.0
8.978851010101012
0.1909809112548828
1.0
8.841628086419753
0.17590641975402832
1.0
8.72878086419753
0.1793670654296875
1.0
7.544718013468014
0.17635488510131836
1.0
8.235677083333334
0.18092823028564453
1.0
8.804976851851853
0.17742633819580078
1.0
6.129115226337448
0.18015193939208984
1.0
11.562210648148147
0.18016433715820312
1.0
9.229359567901232
0.17882609367370605
1.0
8.146460262345679
0.18627166748046875
1.0
6.03587962962963
0.17872118949890137
1.0
8.138640873015873
0.17580342292785645
1.0
5.396205357142857
0.18625617027282715
1.0
5.749035493827161
0.20020771026611328
1.0
8.776892701525055
0.19959473609924316
1.0
10.485284391534393
0.1933763027191162
1.0
7.0298032407407405
0.1780543327331543
1.0
8.964342948717949
0.17704343795776367
1.0
7.938924501424501
0.17861294746398926
1.0
9.710407021604938
0.17756271362304688
1.0
8.721478174603174
0.17616009712219238
1.0
8.181785300925926
0.17568087577819824
1.0
8.397881054131055
0.1868135929107666
1.0
9.457353988603987
0.18080377578735352
1.0
14.22409188034188
0.17659950256347656
1.0
15.58337784900285
0.17879486083984375
1.0
6.4985532407407405
0.17806696891784668
1.0
7.703598484848485
0.18142485618591309
1.0
8.23582175925926
0.1773388385772705
1.0
8.839253917378919
0.18102478981018066
1.0
17.860966435185187
0.17965435981750488
1.0
13.197337962962962
0.17798376083374023
1.0
10.037878787878789
0.18978476524353027
1.0
7.937447390572391
0.17499971389770508
1.0
8.857602719907407
0.17750120162963867
1.0
7.337239583333333
0.17685580253601074
1.0
7.624228395061727
0.19098234176635742
1.0
7.225405092592593
0.19657635688781738
1.0
9.927398989898991
0.19273042678833008
1.0
7.828414351851852
0.19698476791381836
1.0
10.73270318930041
0.18408799171447754
1.0
12.73341049382716
0.18224048614501953
1.0
9.05671296296296
0.19367241859436035
1.0
6.4317655723905744
0.19904661178588867
1.0
6.362584175084175
0.17998361587524414
1.0
7.310185185185185
0.17969322204589844
1.0
6.3319830246913575
0.18874740600585938
1.0
9.058159722222221
0.1817927360534668
1.0
10.47829861111111
0.19235539436340332
1.0
11.161168981481483
0.17963552474975586
1.0
6.706285612535613
0.17933249473571777
1.0
8.805199430199428
0.17881059646606445
1.0
5.902514730639731
0.17772674560546875
1.0
9.472552910052912
0.17904233932495117
1.0
5.744502314814814
0.17965102195739746
1.0
6.459160052910051
0.19525456428527832
1.0
8.007478632478634
0.17929768562316895
1.0
9.870997299382717
0.19945430755615234
1.0
8.908354377104379
0.1794745922088623
1.0
8.725163966049383
0.18533802032470703
1.0
10.302854938271604
0.19795727729797363
1.0
6.627604166666667
0.17862391471862793
1.0
4.371527777777778
0.17833995819091797
1.0
6.091889880952381
0.19335699081420898
1.0
6.4544753086419755
0.18190741539001465
1.0
6.44570707070707
0.17690634727478027
1.0
6.200231481481481
0.19190263748168945
1.0
8.43653549382716
0.1787426471710205
1.0
9.900173611111112
0.17852115631103516
1.0
6.8052925084175095
0.1963815689086914
1.0
6.883198302469136
0.19777536392211914
1.0
7.6756365740740735
0.1812605857849121
1.0
6.442752849002848
0.18001031875610352
1.0
5.240368716931217
0.19638705253601074
1.0
6.196469907407407
0.17960762977600098
1.0
7.407214506172839
0.177093505859375
1.0
5.304345538720539
0.1874678134918213
1.0
4.499834656084657
0.17838191986083984
1.0
15.010850694444446
0.2017526626586914
1.0
19.77334104938272
0.17833566665649414
1.0
12.330005787037038
0.177687406539917
1.0
7.253086419753088
0.1853928565979004
1.0
10.712632275132277
0.17943191528320312
1.0
11.171875
0.17857813835144043
1.0
8.8682208994709
0.18064641952514648
1.0
7.93481691919192
0.20162272453308105
1.0
8.288644547325102
0.19793939590454102
1.0
6.544656635802468
0.18753814697265625
1.0
7.952546296296296
0.1876537799835205
1.0
10.041473765432096
0.1972639560699463
1.0
9.74804131054131
0.18356966972351074
1.0
8.104404956427016
0.18481779098510742
1.0
9.819934116809119
0.19566893577575684
1.0
7.611511752136753
0.17720460891723633
1.0
7.473958333333333
0.18268489837646484
1.0
6.263577279202279
0.18109989166259766
1.0
8.846376424501425
0.17994189262390137
1.0
10.912479575163399
0.18318462371826172
1.0
9.945436507936508
0.18116164207458496
1.0
9.06635802469136
0.19727015495300293
1.0
9.477513227513228
0.1929769515991211
1.0
10.557087418300654
0.18561744689941406
1.0
7.362144510582012
0.17825651168823242
1.0
11.051460113960113
0.17793631553649902
1.0
13.822337962962964
0.18008828163146973
1.0
8.841702279202279
0.19807887077331543
1.0
9.830935846560847
0.19507193565368652
1.0
8.535369008714596
0.18059420585632324
1.0
9.874020655270657
0.17863154411315918
1.0
8.517278439153438
0.17673110961914062
1.0
8.878279320987655
0.1794145107269287
1.0
8.06076388888889
0.1797187328338623
1.0
9.885706018518519
0.17940425872802734
1.0
8.02195859053498
0.18467402458190918
1.0
7.121710526315789
0.18119096755981445
1.0
6.33492476851852
0.181870698928833
1.0
7.916666666666667
0.18808603286743164
1.0
7.050313180827885
0.18857836723327637
1.0
10.051601080246913
0.18207859992980957
1.0
7.604528356481481
0.19304704666137695
1.0
9.296553497942389
0.1790785789489746
1.0
7.491500289351852
0.17864036560058594
1.0
8.002748842592592
0.18224811553955078
1.0
6.892981150793651
0.1786496639251709
1.0
8.16395121082621
0.17877960205078125
1.0
8.826774691358025
0.18005037307739258
1.0
7.673996913580249
0.17826247215270996
1.0
6.381098646723647
0.1773228645324707
1.0
7.516818576388888
0.1759650707244873
1.0
6.195245726495727
0.1820206642150879
1.0
6.871085239651416
0.17932868003845215
1.0
14.133210358796296
0.1783137321472168
1.0
8.253650284900285
0.17897701263427734
1.0
7.287165637860081
0.18928289413452148
1.0
5.9540343915343925
0.17798614501953125
1.0
8.111617476851851
0.19755101203918457
1.0
8.112805886243388
0.1825120449066162
1.0
11.113425925925926
0.17787837982177734
1.0
9.206018518518517
0.1785905361175537
1.0
10.092592592592593
0.17863202095031738
1.0
9.583110754985755
0.19364237785339355
1.0
8.573154956427015
0.17782020568847656
1.0
14.35233410493827
0.17914938926696777
1.0
8.275945216049381
0.18414020538330078
1.0
7.102226307189543
0.1888425350189209
1.0
8.149450231481485
0.19636225700378418
1.0
8.59645061728395
0.19579219818115234
1.0
7.0582561728395055
0.17854809761047363
1.0
10.072916666666666
0.17918157577514648
1.0
5.558671652421652
