0.17072033882141113
0.6831732719705631
9.612268518518519
0.14775967597961426
0.6965828507801888
16.639660493827158
0.1513042449951172
0.7287917292885776
24.14351851851852
0.16446375846862793
0.7786217743793958
10.84325396825397
0.15235400199890137
0.7762887988425218
11.25
0.16361498832702637
0.7374948222103068
6.9444444444444455
0.14214015007019043
0.7237811656942091
5.687499999999999
0.1425027847290039
0.7323894816938296
8.883928571428573
0.1326742172241211
0.7174875150947116
7.909722222222221
0.1314249038696289
0.7766532069740468
14.60262345679012
0.13828229904174805
0.7333548963650218
13.732638888888888
0.15647196769714355
0.715826549681039
17.482638888888886
0.14088177680969238
0.623117152950609
8.4375
0.14402079582214355
0.5952641424609114
6.9618055555555545
0.16199851036071777
0.6575362248829387
9.537037037037036
0.14806461334228516
0.7323122161357456
13.305555555555554
0.15129804611206055
0.7180568948811179
13.110119047619047
0.13827228546142578
0.6820203173055716
10.049603174603176
0.14327621459960938
0.7160303526576625
11.22790404040404
0.13848876953125
0.7314277450862814
15.280934343434343
0.1775681972503662
0.7021655551339158
15.02938034188034
0.1427624225616455
0.6737406956638883
13.684027777777777
0.1590125560760498
0.6815970554542956
18.69357638888889
0.14877963066101074
0.6538739508942636
14.561237373737377
0.14070487022399902
0.6832827795524722
10.401234567901234
0.14104413986206055
0.6617679810263492
16.484375
0.136216402053833
0.7140285634800069
12.962962962962964
0.1698591709136963
0.6851757822302428
15.740740740740742
0.13990449905395508
0.6642775188396631
14.483024691358025
0.16279077529907227
0.6983090808787128
9.9375
0.15847492218017578
0.6995626498891212
10.341435185185185
0.13896441459655762
0.6854592411508924
11.322337962962962
0.1615428924560547
0.7283291933578878
9.565972222222221
0.14649295806884766
0.7357715603072581
12.105034722222223
0.15301060676574707
0.6671031622213015
10.84201388888889
0.14075136184692383
0.6565849561420808
10.131944444444445
0.16175436973571777
0.6547700618229325
14.090277777777777
0.1403522491455078
0.6059409132676888
5.8680555555555545
0.1393890380859375
0.6366125232471482
8.586309523809524
0.16539955139160156
0.6947954924656087
9.072420634920636
0.14385604858398438
0.709725886242598
8.932291666666666
0.14960408210754395
0.7203508481189996
11.240079365079364
0.14152073860168457
0.7521795529820785
12.694444444444446
0.14807891845703125
0.6474030439124181
12.715277777777779
0.14548707008361816
0.6339794084849341
6.520833333333333
0.14726805686950684
0.6502853158493683
13.003472222222223
0.13579297065734863
0.6636523097331403
15.763888888888888
0.14612126350402832
0.5942361090916024
19.166666666666668
0.14740443229675293
0.5900865086382328
13.640046296296296
0.15839076042175293
0.5976335485538722
9.016203703703704
0.14954328536987305
0.6425117341099368
12.098765432098766
0.1424729824066162
0.695996345367931
12.793209876543209
0.15435242652893066
0.6287771837425427
11.280864197530866
0.1426551342010498
0.7171447992130645
8.981481481481481
0.14169645309448242
0.748003082510021
14.454365079365079
0.1407933235168457
0.6952592693055258
19.5734126984127
0.16396594047546387
0.6613869426291082
13.263888888888893
0.14239811897277832
0.6156171381876305
10.405092592592593
0.1627819538116455
0.6504695012121051
13.59027777777778
0.16317129135131836
0.6748138657554427
12.508680555555555
0.13903093338012695
0.604526174694103
10.61111111111111
0.13821649551391602
0.6934711902826115
9.205729166666664
0.1422748565673828
0.7322622654975598
10.163194444444446
0.13898110389709473
0.7155698379040815
9.946581196581196
0.14081645011901855
0.7105685685403272
9.194444444444446
0.14294767379760742
0.6361307300599971
12.137896825396824
0.1364583969116211
0.6563108090371023
7.343750000000001
0.1392359733581543
0.6349293968988726
13.98611111111111
0.13754677772521973
0.6958103462807862
14.094065656565657
0.14118671417236328
0.6829344380235504
7.5099206349206336
0.1385364532470703
0.6412591446968007
7.237654320987655
0.14290094375610352
0.6562069091760978
9.453914141414142
0.14189434051513672
0.7660538265646626
8.811728395061728
0.14295625686645508
0.7054102160577496
11.5625
0.15610003471374512
0.7422004884799329
16.00347222222222
0.14290976524353027
0.7268591054528657
13.706597222222221
0.14557981491088867
0.658789542347754
14.591049382716047
0.1644282341003418
0.7311804132985137
11.455439814814815
0.14221405982971191
0.739965361417432
14.690393518518519
0.14428353309631348
0.750020739582044
10.531517094017092
0.14758062362670898
0.648544358148494
11.426282051282051
0.14681196212768555
0.6067037448199725
8.723958333333332
0.1713550090789795
0.639566310360262
9.930555555555555
0.14652395248413086
0.6182340301433749
10.998263888888888
0.1340928077697754
0.6374615457837839
10.606060606060607
0.14078021049499512
0.7021473413396345
9.065656565656566
0.15675806999206543
0.6881101658478912
9.285714285714286
0.14012670516967773
0.657130234529521
12.569444444444445
0.13373160362243652
0.7217861825093157
13.44907407407407
0.14705443382263184
0.6615077966797906
11.674107142857142
0.15093564987182617
0.6472906097449148
15.090811965811968
0.14504265785217285
0.6677725655587636
17.55952380952381
0.15105509757995605
0.6460659275636217
10.641025641025642
0.15064311027526855
0.6722888908023056
10.51736111111111
0.1433417797088623
0.6809966460394453
9.86689814814815
0.14297032356262207
0.6568978504378876
9.527777777777777
0.14871525764465332
0.7097494679117174
11.584429824561402
0.16405677795410156
0.7544423372094418
10.768229166666668
0.1429123878479004
0.695798720704593
14.009081196581194
0.16275668144226074
0.7013347291798975
12.425213675213676
0.14267539978027344
0.6660434887879364
11.750992063492063
0.1672961711883545
0.6346068578067421
11.74946581196581
0.14285564422607422
0.657713469719775
14.626225490196079
0.1402904987335205
0.7313174622905608
12.549913194444445
0.1460881233215332
0.7196140298636575
20.150462962962965
0.15697050094604492
0.6670819897615801
13.665674603174605
0.13611602783203125
0.7218973058471018
13.886574074074073
0.15975737571716309
0.7369846177600035
12.517361111111109
0.13859987258911133
0.7138677980919097
12.154947916666666
0.1647810935974121
0.6456273807731527
11.842447916666666
0.14095044136047363
0.7163305198777088
11.043595679012345
0.16669106483459473
0.7019510483479456
11.872957516339868
0.13811016082763672
0.6709267759765282
14.125434027777777
0.1517806053161621
0.6786915162524101
12.908653846153843
0.14440274238586426
0.7020809466818508
13.082837301587302
0.14003276824951172
0.6584338045574335
13.825571895424837
0.166670560836792
0.6707756108325911
13.159722222222223
0.1425180435180664
0.7653271352571074
14.806286549707602
0.15627264976501465
0.7871190828521927
13.012152777777779
0.1492464542388916
0.7654578077661117
12.136437908496733
0.14629173278808594
0.7101555966984215
11.469298245614036
0.14960122108459473
0.7372880067076257
12.140522875816991
0.14622998237609863
0.7315555532602194
12.07175925925926
0.13875055313110352
0.7193784019605365
12.035818713450293
0.14696764945983887
0.7739389513240905
14.590773809523808
0.1513996124267578
0.7580403400192675
16.85096153846154
0.16035699844360352
0.7627082582964937
17.438568376068375
0.14297127723693848
0.7140734224608268
12.569444444444446
0.13843703269958496
0.7486917149643109
13.395833333333332
0.1590709686279297
0.7463600677946413
11.23611111111111
0.1388242244720459
0.6539370586018713
11.577380952380953
0.14876866340637207
0.7063374209247076
9.949845679012345
0.14609217643737793
0.6947179586200882
7.9774305555555545
0.14044833183288574
0.746964913153325
11.236979166666666
0.14223957061767578
0.7262467367884391
10.575396825396826
0.14378142356872559
0.6758469622303621
10.99702380952381
0.13878107070922852
0.6161525251722693
12.291666666666666
0.14179682731628418
0.6600817592682736
9.212962962962962
0.16118550300598145
0.6577485291956436
16.42361111111111
0.14799809455871582
0.6263276157161793
8.923611111111109
0.17064118385314941
0.6150649392350955
15.560515873015872
0.1436600685119629
0.6254570417417836
15.636574074074074
0.16727852821350098
0.6533138430031062
11.82638888888889
0.1439352035522461
0.7091653077351182
6.024305555555556
0.14613771438598633
0.6242945847680951
7.090277777777777
0.14589214324951172
0.6379235122911028
13.804563492063494
0.14086365699768066
0.6159683073463091
6.760912698412698
0.16847848892211914
0.6596494260462864
11.020833333333334
0.16456222534179688
0.6088144721585029
10.68452380952381
0.15539908409118652
0.6214466157384113
16.0
0.16674518585205078
0.6445729623526292
14.257812499999998
0.14685440063476562
0.6959340039308276
4.8125
0.13922429084777832
0.6626569994816426
11.34982638888889
0.18033194541931152
0.6266641907520015
8.63888888888889
0.1701493263244629
0.6048749644094363
9.618055555555557
0.14385008811950684
0.5553829681415068
5.694444444444445
0.1452803611755371
0.648212633809358
16.19047619047619
0.14340615272521973
0.615212460482803
24.006944444444446
0.14389538764953613
0.6274503910713434
8.862847222222223
0.14116168022155762
0.6451744043198047
14.8046875
0.16621756553649902
0.6574593665588383
8.674768518518519
0.1614995002746582
0.6769984734793503
10.655381944444443
0.14260005950927734
0.6214415370452522
10.56423611111111
0.1388566493988037
0.5711967074695529
14.577546296296298
0.14234018325805664
0.6094239424388371
10.491898148148149
0.14750194549560547
0.5946090596354054
6.904761904761905
0.1489086151123047
0.6158706061686882
7.797619047619049
0.15604186058044434
0.6501847765310165
7.584325396825397
0.1623220443725586
0.6600979876831269
7.492283950617284
0.1505434513092041
0.6410227044810952
7.974537037037037
0.16165924072265625
0.6140855088593861
8.57638888888889
0.1427309513092041
0.6117576883663843
12.708333333333332
0.1411900520324707
0.6318746123478757
12.361111111111112
0.14410090446472168
0.6196725753007613
14.947916666666668
0.13873076438903809
0.5975498477127663
18.61111111111111
0.1420304775238037
0.5765701712601683
12.858796296296296
0.1478564739227295
0.5577220064984246
9.056712962962964
0.14406132698059082
0.6292859959942828
9.143518518518519
0.14075374603271484
0.6861884902337257
11.34548611111111
0.14600348472595215
0.5964909707911735
12.714120370370372
0.13844990730285645
0.5949915398795959
27.552083333333336
0.14280271530151367
0.5246826912830804
12.784722222222223
0.1450202465057373
0.606834992655426
12.058531746031747
0.14260101318359375
0.7121987813824202
10.208333333333332
0.1395411491394043
0.712397669577461
11.979166666666666
0.16095614433288574
0.7245613666434101
12.935956790123456
0.14030194282531738
0.70063265703802
11.940104166666668
0.14121532440185547
0.6951357587868386
11.118055555555555
0.1408998966217041
0.5691177282061216
21.241319444444443
0.14322352409362793
0.5113416069950181
7.222222222222222
0.147902250289917
0.4928949115100122
4.849537037037037
0.1660308837890625
0.6259534084339423
4.279513888888889
0.16987824440002441
0.6046270665230621
6.811342592592592
0.144331693649292
0.6042196526593131
5.729166666666667
0.1509251594543457
0.5970236258678808
12.722222222222223
0.1704549789428711
0.6007264175692784
5.598958333333334
0.14170408248901367
0.5865390915650708
17.69097222222222
0.1437830924987793
0.5240227430845279
18.888888888888886
0.1463625431060791
0.6119514332603578
8.046875
0.16875600814819336
0.7124405033104723
13.1875
0.14349818229675293
0.5521432139593061
6.354166666666667
0.1638040542602539
0.5643936804211183
8.134920634920634
0.15694713592529297
0.6813722859351337
20.819444444444443
0.15134477615356445
0.7643870854560509
27.26851851851852
0.15994000434875488
0.6668525311976369
13.382936507936506
0.1575024127960205
0.6201443730831474
10.19675925925926
0.1423497200012207
0.6239852072669411
10.882936507936506
0.14893674850463867
0.6281650738937042
7.447916666666665
0.15740108489990234
0.6268453133940071
9.95138888888889
0.16618084907531738
0.6333450450063134
4.756944444444445
0.1468963623046875
0.545014517896042
12.465277777777777
0.1439213752746582
0.5936696173987583
6.784722222222221
0.15955018997192383
0.6065785881857487
8.090277777777779
0.1440744400024414
0.6627818179108285
13.04861111111111
0.14050984382629395
0.6347091011295081
8.38888888888889
0.15568089485168457
0.4917369687081568
10.78125
0.15008926391601562
0.5962141235370749
14.071180555555555
0.16909480094909668
0.7037960752721161
14.80324074074074
0.1705036163330078
0.6316463868930662
15.34722222222222
0.14310669898986816
0.6332632467709066
6.527777777777779
0.15205740928649902
0.5919069821268396
12.994791666666668
0.15093088150024414
0.6165198023130779
11.267361111111109
0.1544628143310547
0.6798843295491729
12.805555555555554
0.16625261306762695
0.6800819720890176
12.40017361111111
0.17014789581298828
0.6598462303027606
11.999007936507937
0.1457536220550537
0.6476441833761782
10.910493827160494
0.14476418495178223
0.6386943578933381
9.935515873015873
0.14916682243347168
0.5557358484980679
22.395833333333332
0.17127704620361328
0.5274689547921241
14.456018518518519
0.1469106674194336
0.6081322780381675
8.975694444444443
0.14800763130187988
0.6846887468690375
9.958333333333332
0.16666436195373535
0.6263661306973405
8.76984126984127
0.15566372871398926
0.6503052437140968
6.770833333333333
0.14168763160705566
0.6687189765507953
18.622685185185187
0.14362549781799316
0.6195384652974566
22.67361111111111
0.17387175559997559
0.5956596902928698
10.208333333333334
0.16347718238830566
0.5399829854019695
8.096064814814815
0.17057299613952637
0.5598333177726216
7.178819444444445
0.14598298072814941
0.6285346288902137
17.645833333333332
0.14152216911315918
0.6002832874427302
15.02314814814815
0.1676805019378662
0.6254893941736046
8.258928571428571
0.14599943161010742
0.6727045763748173
14.012345679012345
0.15094375610351562
0.750086903333921
18.136574074074073
0.15837550163269043
0.6512386965611247
10.80439814814815
0.14704442024230957
0.6409116386572818
18.54861111111111
0.14162135124206543
0.667240906690956
14.402777777777777
0.14501571655273438
0.5825866231023813
9.487847222222221
0.14193391799926758
0.572265369725309
15.578703703703704
0.13886547088623047
0.6006438706514554
8.489583333333332
0.15757441520690918
0.6993992471297047
13.98611111111111
0.16421055793762207
0.655833658380099
9.54861111111111
0.16071701049804688
0.5727468129345213
6.369598765432098
0.1461496353149414
0.5720987782028536
18.666666666666668
0.14143610000610352
0.676978415876418
11.502976190476192
0.15750503540039062
0.7061943545578139
8.356481481481483
0.14654970169067383
0.6344912918194721
6.410590277777778
0.15063858032226562
0.5602677822356167
6.25
0.1516733169555664
0.584057975799311
14.606481481481481
0.1539149284362793
0.7139123336164123
7.886904761904762
0.1524817943572998
0.6611297291212153
14.606481481481481
0.17351436614990234
0.6999101622277721
14.014756944444445
0.17416071891784668
0.6328089637960759
19.98456790123457
0.146958589553833
0.7076602782580014
9.114583333333334
0.14380455017089844
0.7307612063792462
9.54861111111111
0.14997410774230957
0.6833220361737068
22.509920634920636
0.14963126182556152
0.6075584058917664
11.334325396825395
0.14645600318908691
0.6011035935049818
11.913194444444446
0.14716672897338867
0.6915859908324029
13.96825396825397
0.14859700202941895
0.6592139445973312
12.96875
0.14498662948608398
0.6183772293875022
10.13888888888889
0.13896632194519043
0.6254231724056765
6.827256944444445
0.14974451065063477
0.6522551673598826
6.171875
0.1548142433166504
0.6280110794038937
11.944444444444445
0.1432650089263916
0.6479874715767668
9.90451388888889
0.1455376148223877
0.7097585680186661
12.717013888888888
0.1640002727508545
0.6465596988235361
9.143518518518517
0.14646244049072266
0.6186497657299064
7.783564814814816
0.14729571342468262
0.6112726980442583
9.86607142857143
0.1427476406097412
0.6339435371656167
8.893229166666668
0.14524412155151367
0.6295808132891143
8.511284722222223
0.1400127410888672
0.6241117293992945
12.039930555555557
0.14280343055725098
0.6345557075818492
12.67361111111111
0.1437675952911377
0.6091343321808289
10.400883838383837
0.15349817276000977
0.6515073389765151
12.090277777777779
0.1373739242553711
0.5940387709446416
6.898148148148149
0.14030075073242188
0.6133821178335809
17.038690476190474
0.16189122200012207
0.5084107762932875
11.46701388888889
0.14654135704040527
0.5875555389525977
21.84722222222222
0.1522350311279297
0.645958952784823
16.9140625
0.14009642601013184
0.5996319432799082
5.437499999999999
0.1401524543762207
0.6618150707315739
9.077380952380953
0.1619870662689209
0.6727701754364727
18.125
0.1477184295654297
0.6116387043089829
12.413194444444445
0.14429640769958496
0.590653949916802
14.049479166666666
0.14350438117980957
0.5885464148530911
8.097222222222223
0.13957691192626953
0.6423174941788029
10.736882716049381
0.16086244583129883
0.6374072803044898
15.338541666666666
0.15214061737060547
0.6458358358129517
16.139520202020204
0.1454753875732422
0.6257488657127982
11.024305555555554
0.1516578197479248
0.6598027332045414
11.440972222222223
0.16109251976013184
0.6921931137627358
13.876262626262626
0.16530108451843262
0.6579912060055456
9.508928571428571
0.1506335735321045
0.6775792772871353
7.868923611111111
0.14269423484802246
0.6591873590971012
12.291666666666666
0.14113140106201172
0.5948782637714282
9.444444444444445
0.16997933387756348
0.6020837984842882
13.833333333333332
0.1770186424255371
0.6194003947897163
17.93154761904762
0.14320683479309082
0.6962388001905221
12.28298611111111
0.14720869064331055
0.7661043483322868
12.291666666666668
0.14666986465454102
0.6858351085051121
18.145833333333332
0.14512014389038086
0.545385644998665
12.390873015873018
0.1413893699645996
0.5809847497192698
13.015873015873018
0.14069890975952148
0.5968783804826948
8.015046296296296
0.14379072189331055
0.6359664263818863
12.520833333333334
0.14747357368469238
0.6474715853548189
8.159722222222221
0.16341829299926758
0.627140094302239
14.04861111111111
0.16927886009216309
0.6802514486910837
11.847222222222223
0.14438176155090332
0.7106720731380379
10.885416666666666
0.15993690490722656
0.672973530490761
8.57204861111111
0.15380001068115234
0.6696154411960101
11.820987654320987
0.14973735809326172
0.606723857926845
11.732253086419755
0.14190053939819336
0.6569171091726339
12.538194444444445
0.14941072463989258
0.6038817763817763
10.494791666666666
0.14502787590026855
0.6125608513862532
6.519097222222222
0.16046786308288574
0.6139110425965875
8.467881944444446
0.14029550552368164
0.5987616795136257
5.428240740740741
0.13712573051452637
0.6140256609352658
7.829861111111111
0.16455674171447754
0.5773629469449905
9.107142857142856
0.14376211166381836
0.6474542943583192
11.861979166666668
0.1461491584777832
0.6248473862560551
13.02951388888889
0.14270401000976562
0.601783229053278
6.118055555555555
0.14440369606018066
0.5456186835693476
10.368055555555555
0.14420294761657715
0.591531088966423
25.21825396825397
0.14100098609924316
0.6359049950447384
9.62962962962963
0.16459012031555176
0.6950569775685876
8.904320987654321
0.1702115535736084
0.5895795769991571
8.805555555555554
0.14421582221984863
0.6520026002083632
7.960069444444445
0.14777493476867676
0.5860114849357614
18.903769841269842
0.14575552940368652
0.6013173859949515
14.565972222222221
0.17185521125793457
0.6298306703067664
15.737847222222221
0.14495086669921875
0.6860213178092436
18.35648148148148
0.14426112174987793
0.66253015238522
11.792534722222221
0.14068961143493652
0.726686352512788
15.394965277777777
0.14553070068359375
0.6560431739949367
13.528645833333334
0.16019630432128906
0.6545917476258034
13.090277777777775
0.15055274963378906
0.6330292816418741
10.729166666666668
0.14842653274536133
0.7202137960323867
8.377976190476192
0.14197611808776855
0.6318243016412353
19.993055555555554
0.1566476821899414
0.6618742838651305
20.97222222222222
0.1447305679321289
0.7013145401251346
18.53174603174603
0.14728665351867676
0.6273865433990371
19.32638888888889
0.14455485343933105
0.6540976166373468
14.027777777777777
0.1444838047027588
0.5816555486343209
13.657407407407408
0.14268898963928223
0.6782224234507516
12.266865079365077
0.17257285118103027
0.6048929802606274
10.198412698412698
0.14052367210388184
0.658260806364333
9.166666666666668
0.17049455642700195
0.7058922031587131
15.92013888888889
0.14474058151245117
0.7145120471544083
14.412615740740742
0.16476702690124512
0.6480617969497945
18.552083333333336
0.14225220680236816
0.6164374749823666
11.271701388888891
0.16198348999023438
0.6351988116650794
9.6875
0.15961742401123047
0.6465722034487165
9.215277777777777
0.14069771766662598
0.6116150774656914
9.305555555555557
0.14768242835998535
0.6791787834937989
12.16579861111111
0.16305923461914062
0.676891957960678
11.741452991452991
0.14494824409484863
0.5631698858234618
10.113636363636362
0.1644434928894043
0.6337600531793713
10.528273809523808
0.14386391639709473
0.6772457879411218
14.011994949494948
0.142380952835083
0.6825576129781078
10.274621212121213
0.13994193077087402
0.6654628814501692
11.080729166666668
0.141465425491333
0.6656381960278622
7.521701388888889
0.14391303062438965
0.6864297937996653
17.3533950617284
0.14095020294189453
0.6415258122869479
11.70138888888889
0.13690805435180664
0.6752736571815519
13.148148148148147
0.14502215385437012
0.5916037504677729
9.612268518518517
0.14307808876037598
0.5948900562343116
11.19047619047619
0.13854193687438965
0.7060707497449734
11.597222222222221
0.1465623378753662
0.7405542503300206
10.987654320987655
0.1452789306640625
0.6860806609124732
14.593253968253967
0.14266371726989746
0.6511749588636763
22.239583333333336
0.15031838417053223
0.654596076203445
15.019290123456791
0.1553647518157959
0.6239009569098557
12.730034722222221
0.1474747657775879
0.6061970351606744
13.389756944444445
0.15052461624145508
0.6998527273604673
11.018518518518519
0.14678120613098145
0.7602088754913833
12.531828703703704
0.14657974243164062
0.7365012873836404
11.479166666666668
0.15402770042419434
0.7227764272965511
8.90151515151515
0.14840030670166016
0.6741414657591126
11.636904761904761
0.14229774475097656
0.7270031578020846
9.670138888888891
0.1447291374206543
0.7259329838722247
14.409722222222223
0.14278841018676758
0.5441821510896973
9.041666666666668
0.14220857620239258
0.6225617635182855
22.236111111111114
0.14100909233093262
0.6564267412673209
17.01388888888889
0.14526867866516113
0.6210239849550193
17.138888888888893
0.14320588111877441
0.6190460982011968
17.791666666666668
0.1405048370361328
0.6185636486371779
15.989583333333334
0.1499032974243164
0.6586216339621912
23.2421875
0.1439189910888672
0.6386401075990676
13.21875
0.15728473663330078
0.6377673447642487
11.922743055555555
0.14021849632263184
0.624685728917228
13.842592592592593
0.13993215560913086
0.7005618026641947
12.997685185185183
0.1429152488708496
0.6597804199434942
12.358217592592595
0.14311909675598145
0.6696301084456742
16.174242424242422
0.1657428741455078
0.6734468739235439
8.606770833333334
0.14501738548278809
0.6587993482327489
8.920454545454545
0.1403181552886963
0.6429355893134587
10.738636363636363
0.14487648010253906
0.602630651730697
10.757575757575758
0.14090466499328613
0.6688181598303065
9.79513888888889
0.16504478454589844
0.6279475134571965
8.881172839506172
0.15556764602661133
0.6243668255397588
15.208333333333332
0.14569568634033203
0.5952769564200872
9.658564814814815
0.14297819137573242
0.56033202733002
9.010416666666668
0.13996624946594238
0.6683448179815098
13.794642857142858
0.14486336708068848
0.6253565942729081
8.885416666666666
0.14142870903015137
0.5973697185057903
4.982638888888889
0.15765690803527832
0.5916371170210933
10.520833333333332
0.14660191535949707
0.5850598834469802
12.000868055555555
0.13960051536560059
0.6916259481920157
7.743055555555556
0.13706755638122559
0.695368737838503
5.138888888888889
0.15305805206298828
0.5409572192665646
17.229166666666664
0.14690828323364258
0.5639479039479041
7.673611111111111
0.13984107971191406
0.6073078085516742
18.34027777777778
0.14978671073913574
0.5896882957686902
24.791666666666664
0.15227007865905762
0.5858875451451353
12.96527777777778
0.1445014476776123
0.6233798280663261
10.942460317460316
0.16255712509155273
0.6739506783291113
13.780864197530864
0.1411757469177246
0.7155653849748845
14.592803030303031
0.16855478286743164
0.7066045532055394
9.702932098765434
0.16149449348449707
0.6899426915576122
11.903935185185185
0.14534235000610352
0.6235723947463595
11.25
0.16994810104370117
0.6324289158525728
12.996527777777777
0.14142584800720215
0.5774236341924844
13.388310185185185
0.13815641403198242
0.6305993830719147
13.068576388888888
0.1444399356842041
0.6197337572463705
15.403645833333332
0.15513038635253906
0.5582074187169984
8.447420634920634
0.14464163780212402
0.5712381143246987
17.366071428571427
0.1599125862121582
0.5746499849789697
8.01736111111111
0.14108777046203613
0.6402456984431181
10.19675925925926
0.15842294692993164
0.6401579906522141
8.697916666666668
0.14537262916564941
0.6350040586434891
5.798611111111112
0.14274382591247559
0.5344818124275401
5.46875
0.14165019989013672
0.6137178102434218
7.291666666666667
0.14722990989685059
0.6237370127702018
9.603174603174605
0.14302325248718262
0.6132430820778173
13.032407407407408
0.1680915355682373
0.665580991139698
7.236111111111112
0.14151501655578613
0.6878298598225591
7.798611111111112
0.159515380859375
0.5902286503235121
6.267361111111111
0.1418752670288086
0.5411941740990611
8.972222222222223
0.1486818790435791
0.606255148089282
16.279761904761905
0.1458597183227539
0.5895121505485964
15.51388888888889
0.14240717887878418
0.6501428602437807
16.725694444444446
0.1450035572052002
0.5929036260920453
9.90625
0.13975834846496582
0.6068235575724448
12.434895833333334
0.16577744483947754
0.6032935750987143
7.585470085470084
0.14293742179870605
0.6411824613807143
8.774801587301587
0.17515182495117188
0.6539898061552898
6.2384259259259265
0.1660611629486084
0.6342600897420264
7.0436507936507935
0.1440131664276123
0.6215356540272168
9.577546296296296
0.16296672821044922
0.6291744085958153
12.719907407407408
0.1490480899810791
0.6066617110882788
14.131944444444445
0.15706777572631836
0.5694428339179728
12.352430555555555
0.15308022499084473
0.6607019923752767
9.837962962962964
0.15878701210021973
0.6188587761479397
9.014756944444445
0.1464557647705078
0.6130698051132083
8.060515873015872
0.15251731872558594
0.6501602457591055
12.690972222222221
0.1504051685333252
0.6971770446883145
10.164141414141413
0.1413407325744629
0.6164359534573257
10.008680555555555
0.1454322338104248
0.5571027548039932
8.350694444444445
0.14029669761657715
0.49918816253114895
5.729166666666667
0.143723726272583
0.5660048767418085
7.106481481481481
0.14114856719970703
0.5983918262414326
7.427083333333333
0.1528158187866211
0.5967903519144125
10.225694444444443
0.13947558403015137
0.6811607446227288
10.829861111111116
0.14748620986938477
0.627949962028185
12.447916666666666
0.14384698867797852
0.6102111964311879
7.708333333333333
0.14902472496032715
0.6738571426274994
8.472222222222221
0.14449024200439453
0.536897461446316
9.01388888888889
0.14829206466674805
0.542622316144285
6.154513888888889
0.14574933052062988
0.4453920777991642
6.184895833333334
0.14408016204833984
0.505102016562312
6.7311507936507935
0.16190576553344727
0.5337412365440511
17.005208333333336
0.14249753952026367
0.5268491326240522
23.515625
0.14127826690673828
0.5326210700995724
10.9375
0.14780855178833008
0.6173133432164747
10.75
0.1488814353942871
0.5816304555437456
9.544753086419753
0.13848638534545898
0.5670049540717064
8.802083333333332
0.15057826042175293
0.6586288107114762
7.052469135802469
0.14958715438842773
0.6416672221528757
7.599206349206349
0.14911675453186035
0.6375191187902437
13.570601851851853
0.13992595672607422
0.6188140507276149
7.791666666666666
0.16537213325500488
0.5623473907967814
12.624007936507937
0.13914060592651367
0.5586569964564274
11.93865740740741
0.1465442180633545
0.6712165198349411
12.546296296296296
0.1436927318572998
0.6495188016517027
16.22519841269841
0.1467113494873047
0.6218854841465447
20.183531746031747
0.14960241317749023
0.5959667668280709
12.233796296296298
0.14668846130371094
0.6676387709760576
7.8125
0.14857888221740723
0.7057027911630247
7.789351851851852
0.1565079689025879
0.6493597237590181
11.085069444444445
0.1399075984954834
0.6145878803971127
10.540674603174603
0.1483604907989502
0.541923218108549
6.6875
0.16496515274047852
0.5543216994379232
11.631944444444445
0.14010381698608398
0.6116965584489303
13.57638888888889
0.14604568481445312
0.5897759120574286
17.75462962962963
0.1398463249206543
0.5111964131828555
10.410879629629628
0.13988804817199707
0.6078749733892485
12.472222222222221
0.14327430725097656
0.5939140935657489
15.972222222222218
0.15006184577941895
0.6173122277239425
19.509548611111107
0.1437082290649414
0.6330326914744338
12.81597222222222
0.14217877388000488
0.6129260297742877
16.87152777777778
0.1497514247894287
0.6496021439612877
14.149305555555557
0.16074275970458984
0.664987564075899
9.315025252525253
0.15251851081848145
0.6797689781344125
11.028645833333334
0.15022706985473633
0.6145573319735183
6.723090277777778
0.17435145378112793
0.5927581504996225
6.527777777777777
0.15096569061279297
0.6128163088009632
11.819444444444445
0.13845586776733398
0.5730202382091512
15.108506944444445
0.16849184036254883
0.6100901210134396
11.383101851851853
0.14748096466064453
0.6284142031397376
11.840277777777777
0.1371767520904541
0.6460159207310081
15.703124999999998
0.1409437656402588
0.6170842871112057
11.944444444444446
0.14052295684814453
0.6293809632455643
10.91820987654321
0.13956332206726074
0.5643527151845807
20.818452380952383
0.1552441120147705
0.6240600825231766
7.247023809523809
0.14776921272277832
0.5599622503715108
8.82986111111111
0.14128375053405762
0.6328649674061976
12.692550505050503
0.14154720306396484
0.6309190446181893
11.11545138888889
0.1451268196105957
0.6078327127862732
8.859953703703702
0.14777064323425293
0.5608641864811345
10.812499999999998
0.14312434196472168
0.5889817890166188
6.898148148148149
0.16112327575683594
0.5830354825725965
7.442129629629629
0.14017868041992188
0.5817113517783723
8.1640625
0.15540099143981934
0.5994882220603356
6.983024691358025
0.14287400245666504
0.6083526178712088
7.693452380952381
0.1376938819885254
0.5994573623748196
7.893518518518519
0.14625239372253418
0.5811254590743755
14.253472222222223
0.15042471885681152
0.5152964761352926
11.840277777777777
0.1425342559814453
0.5823444050680823
6.853298611111111
0.1510157585144043
0.5559947247964472
10.260416666666666
0.15870404243469238
0.5736329035873423
14.086805555555554
0.1645679473876953
0.566811425097228
5.839120370370371
0.15479683876037598
0.5887248867547006
8.831018518518519
0.16019940376281738
0.5535772399857211
5.203373015873017
0.1380455493927002
0.552191113438863
6.089409722222223
0.1678934097290039
0.570560391363855
9.761284722222223
0.13756799697875977
0.5892013783501112
14.075520833333334
0.14073586463928223
0.613965874607622
7.387152777777777
0.14748096466064453
0.6600447177382425
9.583333333333334
0.15272188186645508
0.5871616799327586
9.559027777777777
0.1753096580505371
0.5045301282638849
7.003968253968255
0.1424248218536377
0.5149435556559726
6.336805555555555
0.16535186767578125
0.4970554028360352
4.816468253968254
0.14577412605285645
0.5667627589496999
10.2734375
0.1474449634552002
0.5531743315245533
10.390625
0.14382457733154297
0.5180025205033887
13.765432098765435
0.14546942710876465
0.5653632356268355
8.381944444444443
0.1424262523651123
0.6130714919081041
10.911458333333332
0.1391594409942627
0.5700006144471321
9.82638888888889
0.15033721923828125
0.5283217073886388
3.631944444444444
0.14080476760864258
0.573289855353332
9.427083333333334
0.14056086540222168
0.6141032264541451
9.595959595959597
0.1691131591796875
0.5427919827719809
15.065104166666668
0.15907573699951172
0.5932928810506698
11.371527777777777
0.14354658126831055
0.5193426298566796
8.14670138888889
0.1439809799194336
0.5049167341834969
10.108506944444446
0.15256190299987793
0.5748515675268232
12.456597222222221
0.172776460647583
0.6294452911911192
9.370659722222221
0.14821195602416992
0.5203334147565061
7.682291666666666
0.13971447944641113
0.5511208567059837
11.966145833333332
0.15448951721191406
0.5767374792152521
14.229166666666666
0.13614845275878906
0.6261762116304991
24.875992063492067
0.1475527286529541
0.5895741389109583
7.212301587301587
0.17151427268981934
0.5352343393713361
15.052083333333334
0.14410924911499023
0.5283183047736627
6.0069444444444455
0.14413738250732422
0.552332875871151
12.881944444444443
0.148024320602417
0.5450486862270446
9.07986111111111
0.1410515308380127
0.5670121116397204
4.472222222222223
0.15993642807006836
0.5908906395485164
11.747685185185185
0.14613056182861328
0.4974658535058162
10.147569444444445
0.14744067192077637
0.5602543187546433
5.983796296296297
0.17560029029846191
0.47502664773533376
14.745370370370368
0.1391603946685791
0.48833316334027904
25.260416666666668
0.15700888633728027
0.6209039901028764
9.159722222222221
0.13776922225952148
0.6135029541023944
9.49074074074074
0.1534264087677002
0.6376967457006552
14.958333333333334
0.14957928657531738
0.57921962988294
11.722222222222221
0.15012359619140625
0.6145744720175459
6.75
0.14519858360290527
0.5748784669960976
5.789930555555556
0.14502882957458496
0.5985467546231684
10.972222222222223
0.16092991828918457
0.4744013252743888
7.777777777777778
0.15088820457458496
0.5769227202636067
9.976851851851853
0.15837883949279785
0.4440849949835457
5.289351851851852
0.15928959846496582
0.469457526709243
5.185185185185185
0.15296173095703125
0.4704931927975406
12.789351851851853
0.1478438377380371
0.5176291296761062
3.5069444444444446
0.16027164459228516
0.5346603814864685
2.2743055555555554
0.1412334442138672
0.5528759003258086
25.625
0.1393754482269287
0.5449243050052203
11.666666666666668
0.1427001953125
0.6609440436476919
8.217592592592592
0.14027833938598633
0.5462959255163314
6.041666666666666
0.15204381942749023
0.614975134191671
19.20138888888889
0.15343141555786133
0.7057907433891862
12.592592592592593
0.1494436264038086
0.6535009624331092
9.819444444444443
0.1477365493774414
0.5291767126500163
7.309027777777778
0.14382362365722656
0.4682579934119872
5.231481481481481
0.14523029327392578
0.4034365552009927
7.006944444444445
0.17469501495361328
0.6334185169943419
15.804398148148147
0.14550375938415527
0.665693919187098
10.25077160493827
0.13766860961914062
0.6622001277320574
12.245370370370372
0.1469738483428955
0.5260395161524071
9.216269841269844
0.1427600383758545
0.6362589128531158
25.416666666666668
0.16138148307800293
0.676212490676259
14.565972222222221
0.13926362991333008
0.5640106318587867
13.395833333333332
0.1377394199371338
0.509535467142067
7.767857142857143
0.15065407752990723
0.6495373990663877
9.398148148148147
0.14179110527038574
0.6446102296102296
9.702380952380953
0.1412193775177002
0.5703612513701338
7.961309523809523
0.14190006256103516
0.5974295804377114
11.0
0.14389348030090332
0.5717019778027649
17.98115079365079
0.14177823066711426
0.6798157665164164
10.342261904761903
0.1397857666015625
0.7688955635102714
17.835648148148145
0.137969970703125
0.73020513915283
7.870370370370371
0.13854646682739258
0.5383972890452902
28.136574074074073
0.1069180965423584
0.5248827445344475
8.715277777777779
0.14121198654174805
0.5149470908311264
10.9375
0.1439516544342041
0.582621535342359
8.00925925925926
0.14024662971496582
0.6089895455711296
12.8125
0.1449732780456543
0.5806983427823523
23.020833333333332
0.14036035537719727
0.6082911912060267
10.520833333333332
0.15468931198120117
0.536823057324538
8.097222222222223
0.1527261734008789
0.5751758317150419
9.722222222222221
0.14220499992370605
0.5828450726565462
10.98611111111111
0.14201712608337402
0.5299072284918988
11.710069444444445
0.14383459091186523
0.5781317250978802
26.78472222222222
0.16985702514648438
0.6811073926704424
10.075231481481483
0.14929533004760742
0.5912593196769659
6.7592592592592595
0.1475670337677002
0.6255743357495304
6.388888888888889
0.14430022239685059
0.5605176411635439
5.3125
0.13852620124816895
0.52780325467865
10.931712962962964
0.14312219619750977
0.5680441905772768
16.26736111111111
0.15471553802490234
0.6330744774547832
14.780092592592593
0.14385700225830078
0.6839115064853201
12.078373015873016
0.15087056159973145
0.6677194971088514
8.90625
0.1399703025817871
0.6358466324144693
15.324074074074073
0.14062285423278809
0.6671400441282718
9.95138888888889
0.13913273811340332
0.6376342639530079
3.935185185185185
0.13976454734802246
0.6288313505030149
4.375
0.1366136074066162
0.5727178459452406
11.655092592592593
0.17825603485107422
0.5838725911408521
8.20138888888889
0.15046095848083496
0.6661390471165219
20.493055555555557
0.1430215835571289
0.6048221677036373
5.460069444444445
0.14053082466125488
0.5401687471282673
5.130208333333334
0.1473243236541748
0.5922311036064279
4.849537037037037
0.16008257865905762
0.5370342550632405
5.659722222222221
0.1525559425354004
0.6154844295839885
5.05787037037037
0.1466658115386963
0.5078834426303565
12.96875
0.1419360637664795
0.551962792954172
12.769097222222221
0.1438436508178711
0.6293515938133325
11.11111111111111
0.13669037818908691
0.6438567332922989
8.447420634920634
0.13911819458007812
0.5649256821806288
7.925347222222222
0.14180684089660645
0.580340148530346
16.822916666666668
0.13898158073425293
0.5741837808705959
15.959201388888888
0.15411734580993652
0.6614118863896653
16.006944444444446
0.14444828033447266
0.6984501150442183
19.84375
0.1384744644165039
0.6812315942575357
7.624007936507936
0.13860559463500977
0.6174575176336797
5.746527777777779
0.14315271377563477
0.6219867463870462
7.048611111111112
0.13698029518127441
0.5204816848546826
6.432291666666666
0.14322519302368164
0.5121375099104056
6.076388888888888
0.14013147354125977
0.5301863898420801
8.57638888888889
0.13916397094726562
0.5990576901427193
13.38888888888889
0.14201855659484863
0.5871216997328957
8.055555555555555
0.14234685897827148
0.5983233946113451
10.480324074074073
0.14415788650512695
0.5609168906393762
12.901234567901234
0.13640522956848145
0.6341069014843108
12.508680555555557
0.1473855972290039
0.6274467972773637
13.493055555555557
0.13355779647827148
0.6765473014808775
11.586805555555555
0.148850679397583
0.5947647328006763
10.247395833333332
0.16428422927856445
0.6394664356493774
8.139880952380953
0.14462065696716309
0.6289042823872545
11.447916666666668
0.15697383880615234
0.615713578281025
11.273148148148149
0.1394977569580078
0.5921828706443745
9.41550925925926
0.14916300773620605
0.6333664248683506
10.225694444444445
0.17114615440368652
0.6714482670895519
8.125
0.16110849380493164
0.6843714015996384
11.765046296296296
0.1524512767791748
0.6365043512411932
6.601562500000001
0.14484882354736328
0.6600644257544038
7.159722222222223
0.14301681518554688
0.6406411793105342
5.437500000000001
0.14151382446289062
0.5216648539038916
5.777777777777777
0.14677739143371582
0.4301269572024721
12.060185185185185
0.14288997650146484
0.5370176444134466
12.864583333333334
0.1622157096862793
0.5697004180511825
9.833333333333332
0.14747381210327148
0.6277341549399391
18.32175925925926
0.1418135166168213
0.6555048416887551
16.680555555555554
0.1538703441619873
0.6641156311009252
14.484953703703704
0.1409306526184082
0.6869832290868877
15.689484126984125
0.15361666679382324
0.6888749518723846
16.01466049382716
0.13842439651489258
0.7059054034313014
6.7311507936507935
0.14765596389770508
0.6830893628948681
14.041666666666666
0.1434192657470703
0.5740155440511227
9.503968253968253
0.13956141471862793
0.5583532377106118
7.048611111111112
0.14276719093322754
0.6964048727995598
7.847222222222221
0.14825916290283203
0.5748931390121762
9.909722222222221
0.16266107559204102
0.6330698333169597
10.138888888888888
0.14624953269958496
0.6211471485090779
13.61111111111111
0.1469423770904541
0.5067973399397547
13.371527777777777
0.14208602905273438
0.622792778196942
9.518849206349206
0.14410042762756348
0.5878416022031598
9.940972222222221
0.15203189849853516
0.6498598461166197
9.207702020202023
0.16504263877868652
0.6542606166029634
15.195707070707071
0.1438159942626953
0.5667446325742422
9.427083333333334
0.14820170402526855
0.5389040267787533
6.024305555555555
0.14326715469360352
0.5753383966814608
11.314484126984128
0.15519976615905762
0.6672524022833622
7.889660493827161
0.14828705787658691
0.6981145409800216
6.445312499999999
0.14274978637695312
0.6715004544123921
7.565104166666666
0.14458560943603516
0.5909916744662557
5.881944444444445
0.1497645378112793
0.5711860304496157
7.9811507936507935
0.14755678176879883
0.6649999489703483
9.447916666666668
0.14454078674316406
0.6819987161052034
13.95833333333333
0.1475358009338379
0.6426150750954754
14.25
0.1521909236907959
0.6121096112168821
14.188368055555554
0.1745767593383789
0.5997865723336174
9.27517361111111
0.139617919921875
0.6091108984266114
8.090277777777777
0.1470332145690918
0.6437791350921684
9.96527777777778
0.16677069664001465
0.6403719275659632
9.488636363636362
0.14974689483642578
0.6183171866652672
15.377604166666668
0.14594602584838867
0.5968740718740719
6.315586419753086
0.14771509170532227
0.6042923264285492
6.480429292929293
0.1379854679107666
0.6134248416902879
7.577160493827161
0.14354681968688965
0.6268096652755953
10.9375
0.16868257522583008
0.6350674300102154
15.748456790123457
0.14655447006225586
0.6311113532440993
18.734217171717173
0.16576838493347168
0.5963208371043127
12.797067901234566
0.16054701805114746
0.5282722085311883
10.300925925925927
0.1607804298400879
0.5963432603424395
13.08449074074074
0.14206171035766602
0.6635233801316047
11.225198412698413
0.1621227264404297
0.7307751005482704
10.8984375
0.17075347900390625
0.6556408380927454
5.590277777777778
0.14349794387817383
0.6727847844024314
8.641493055555555
0.17282652854919434
0.706093379037005
11.15575396825397
0.16473817825317383
0.5808639762695739
11.726190476190476
0.14044976234436035
0.5938071621610521
7.297453703703703
0.14719772338867188
0.5713036505209721
5.8125
0.13826203346252441
0.5510577833642849
10.671296296296296
0.14327502250671387
0.6066438671984705
8.447916666666666
0.14661240577697754
0.6336349460538453
9.86111111111111
0.14248919486999512
0.6077807213791314
8.794191919191919
0.15012335777282715
0.675502447878957
9.848484848484848
0.16426992416381836
0.5877533790255737
9.23996913580247
0.15099787712097168
0.5295143717160558
12.539682539682541
0.1747572422027588
0.5943544660762349
15.811631944444445
0.14141607284545898
0.5813838631880638
11.636284722222221
0.14679455757141113
0.6211203163727852
7.773437500000001
0.14304375648498535
0.6211176121281363
6.168981481481483
0.14896392822265625
0.5888706469468253
12.38095238095238
0.14434194564819336
0.510184951718917
5.954861111111112
0.1510474681854248
0.5848939502353564
8.221450617283951
0.13976478576660156
0.5447418810716392
7.168209876543211
0.16869401931762695
0.6443849329754123
8.49826388888889
0.15071725845336914
0.6310401177893438
8.47800925925926
0.14643311500549316
0.6612007559641611
11.458333333333334
0.1424407958984375
0.5690848440619092
8.73611111111111
0.14614295959472656
0.5943092729568831
7.575231481481482
0.14346027374267578
0.4651513246355009
6.128472222222222
0.1443181037902832
0.6093229927341618
6.296296296296297
0.14249825477600098
0.6089644613025437
7.048611111111112
0.13778090476989746
0.5868232714877191
11.215277777777779
0.1419229507446289
0.6248266612199165
13.128156565656564
0.14754271507263184
0.6649617156363674
9.72718253968254
0.1427321434020996
0.7286520284146653
12.065972222222223
0.13886260986328125
0.6956014111720089
14.876893939393938
0.14916586875915527
0.56796783231725
13.284722222222223
0.14851880073547363
0.5244093195669242
13.55324074074074
0.1555490493774414
0.5515715227492458
14.936342592592593
0.14525079727172852
0.5587630722894542
12.699652777777779
0.14497590065002441
0.529872850583314
8.51736111111111
0.1452958583831787
0.5984921505037284
7.7703373015873
0.13793444633483887
0.622138630030659
7.5
0.1662440299987793
0.595500168201911
3.868634259259259
0.13990330696105957
0.5664548264444947
7.916666666666666
0.14354157447814941
0.5076282324272411
12.059027777777779
0.16661620140075684
0.5905289144010523
8.229166666666664
0.1367354393005371
0.5173146273972322
6.177083333333333
0.15163731575012207
0.5302688402433156
5.857638888888888
0.13366246223449707
0.5832548540072116
10.031565656565657
0.15086126327514648
0.6345472175562928
11.354166666666666
0.14159750938415527
0.5581858600746961
8.449074074074074
0.1542832851409912
0.5462521224150158
8.665674603174603
0.14435100555419922
0.5625905737670444
6.875
0.1540236473083496
0.5547765089321065
5.618055555555555
0.1525888442993164
0.6250360930307
8.581349206349207
0.1463618278503418
0.604169609970788
16.775793650793652
0.14412450790405273
0.5367507859389662
12.604166666666666
0.1650240421295166
0.5704163221657326
6.545138888888889
0.1408402919769287
0.5802127340453462
7.638888888888889
0.15968704223632812
0.5594304071432554
8.313492063492065
0.14983749389648438
0.5710270233287221
8.090277777777777
0.14157843589782715
0.6149945613186569
5.444444444444445
0.16421723365783691
0.5506156662248635
8.130787037037038
0.14215087890625
0.5771081205230592
8.215277777777777
0.17672967910766602
0.5976626379451456
12.51736111111111
0.1403036117553711
0.5977051932635923
11.258680555555555
0.16614699363708496
0.6428856263684739
6.163194444444445
0.1491854190826416
0.6248219900330089
14.641203703703704
0.1658792495727539
0.6173091215707495
18.493055555555557
0.14723777770996094
0.5959697324003252
14.204861111111109
0.17513227462768555
0.6268670374857604
11.730324074074074
0.1403975486755371
0.628631441502251
8.392857142857144
0.14818692207336426
0.6312556563072143
10.306712962962962
0.14208197593688965
0.6012079972230527
7.9513888888888875
0.14238595962524414
0.63045920298055
7.721354166666667
0.14286494255065918
0.6139339850874159
13.61607142857143
0.14475059509277344
0.5905144559568808
13.13888888888889
0.1581273078918457
0.6534222199856874
11.770833333333334
0.14758634567260742
0.5789067983808599
11.616161616161616
0.1396338939666748
0.5424089438916069
9.57175925925926
0.14274287223815918
0.5758552719613413
12.163194444444445
0.14137840270996094
0.48371047770068576
11.552579365079367
0.15089893341064453
0.5457472434241759
16.697916666666664
0.14312171936035156
0.576188427473468
11.522817460317459
0.1510753631591797
0.604025332747703
9.295634920634921
0.15045523643493652
0.5640357514313391
7.480158730158732
0.14776015281677246
0.6100075366314134
5.645833333333333
0.1418616771697998
0.6011725001071061
9.04861111111111
0.14665436744689941
0.5861829678130887
4.930555555555555
0.14023113250732422
0.5497622280072799
6.024305555555555
0.14417076110839844
0.6158189107624359
10.188078703703704
0.13986992835998535
0.5808350395850337
7.627314814814814
0.14188575744628906
0.5731393084914457
8.661265432098766
0.15524554252624512
0.543444451518906
9.577546296296296
0.14585232734680176
0.5493335596773405
5.674603174603175
0.15185999870300293
0.5416169691765771
5.497685185185186
0.15485525131225586
0.5262904341036185
5.277777777777778
0.1435086727142334
0.4865768023120921
5.112847222222222
0.14114952087402344
0.6106174338914276
4.201388888888889
0.15581870079040527
0.5725791087752122
5.755208333333333
0.15088486671447754
0.5017042566877624
16.50173611111111
0.13713574409484863
0.5577384370605272
10.746527777777779
0.14938783645629883
0.6466316930688368
20.243055555555554
0.15994715690612793
0.7047078024702887
15.319444444444443
0.16211295127868652
0.6702321019005043
10.476190476190476
0.15114736557006836
0.5453860432024763
12.416666666666666
0.1447124481201172
0.44653776544194
9.809027777777779
0.14922070503234863
0.47591657402615645
6.021825396825397
0.16873407363891602
0.5918220941362866
8.791666666666668
0.14706897735595703
0.5622579190498395
13.179012345679011
0.1592721939086914
0.5474241864179945
11.057098765432098
0.148512601852417
0.6036858846826861
12.476851851851851
0.1731724739074707
0.6159745815611452
9.869791666666664
0.14258027076721191
0.5598186540136948
8.19760101010101
0.15384578704833984
0.6451825296165218
9.701967592592593
0.16245603561401367
0.6295146020940587
14.128472222222223
0.17473721504211426
0.5482594950347914
9.459876543209878
0.1477048397064209
0.4975421063364759
6.135912698412699
0.14383316040039062
0.6144645564100625
6.984126984126983
0.18072938919067383
0.5402058191999362
11.898148148148147
0.14223694801330566
0.566129070480706
9.53125
0.14994001388549805
0.62933162614615
7.656250000000002
0.14587950706481934
0.5818078062488408
10.37202380952381
0.1425013542175293
0.5462242163825821
8.830128205128206
0.1460552215576172
0.5987156692000515
8.13425925925926
0.14823603630065918
0.5916602306402918
10.361689814814815
0.16423606872558594
0.5796996379443193
9.16087962962963
0.14393305778503418
0.5787156881401415
8.569444444444443
0.14287638664245605
0.5762352416379549
8.997395833333332
0.16585779190063477
0.5345446720405135
14.57175925925926
0.14942073822021484
0.5930403202464903
10.064484126984127
0.13800978660583496
0.6577447368725869
19.805555555555554
0.14164328575134277
0.7062074590864481
12.37689393939394
0.13671088218688965
0.6411679970780072
7.751736111111112
0.16421794891357422
0.6333617877853167
10.353009259259258
0.14150476455688477
0.5634490293806768
10.389660493827162
0.16189169883728027
0.5572874030568552
7.430555555555555
0.1459803581237793
0.6021171227607909
9.29861111111111
0.16151666641235352
0.5497281465575538
9.267676767676768
0.17163538932800293
0.5899498594475623
10.086805555555557
0.1392526626586914
0.6164848199326399
10.185185185185185
0.1541154384613037
0.5624872140843813
11.913194444444443
0.14595651626586914
0.6368210576038444
9.618055555555555
0.15178227424621582
0.6315468382677422
8.616071428571429
0.16742372512817383
0.6053080905582094
9.922839506172842
0.14655494689941406
0.5729682816484836
13.690972222222223
0.14625144004821777
0.5988604712860032
14.127604166666666
0.14721202850341797
0.5777347198860086
13.010416666666666
0.14171290397644043
0.6111971572484
10.850694444444445
0.14776277542114258
0.5838335427562823
8.597222222222221
0.16305303573608398
0.6113402423077334
9.74826388888889
0.14751625061035156
0.581146404837034
9.856770833333332
0.14875030517578125
0.5816963456726135
8.702256944444446
0.1439192295074463
0.6209251055435725
8.4375
0.15480399131774902
0.6137611963111105
5.042438271604938
0.1436316967010498
0.5781606343502103
8.327020202020202
0.14253902435302734
0.6052026350319589
7.817460317460317
0.14652037620544434
0.6491547122127034
9.393518518518517
0.1499783992767334
0.6267092221679438
8.734217171717171
0.147047758102417
0.6276966317183905
6.531635802469136
0.17630267143249512
0.6307083825745631
7.756944444444444
0.14580702781677246
0.5948584009804279
6.850694444444445
0.15394210815429688
0.6229756268629653
11.808035714285714
0.14076495170593262
0.6724754327295873
14.016203703703702
0.14640402793884277
0.7526423638433759
13.074845679012347
0.15093588829040527
0.5964424091883881
5.863715277777778
0.15355849266052246
0.5658811310447932
7.784722222222223
0.16973376274108887
0.6128948018996316
6.333333333333334
0.17279624938964844
0.54584388722634
4.578993055555555
0.1536571979522705
0.5198421302530959
4.784722222222223
0.139190673828125
0.6412896548129313
10.231481481481481
0.1411144733428955
0.6003505646649193
8.74614197530864
0.14629054069519043
0.6496984359264494
8.975694444444446
0.1380605697631836
0.5947028538085651
6.062500000000002
0.15062832832336426
0.5844183481030066
10.05787037037037
0.145827054977417
0.5555034359275751
9.552951388888891
0.1399059295654297
0.6287363006829839
8.84375
0.14089107513427734
0.6268747972827604
12.061631944444445
0.14119195938110352
0.5948293975924683
14.386574074074073
0.14266061782836914
0.5598957608093743
5.924479166666667
0.16400718688964844
0.5780589357083371
10.163194444444445
0.16066670417785645
0.582323326835389
17.490079365079364
0.17074179649353027
0.6468316633901371
9.189814814814815
0.14743947982788086
0.6422932474078001
9.322916666666668
0.1609635353088379
0.7066914728661942
6.948302469135802
0.13907551765441895
0.6656843432506497
11.724537037037038
0.13956785202026367
0.6543845777204519
14.161706349206346
0.142195463180542
0.7115246250731757
8.796296296296298
0.13752269744873047
0.7396173785460795
16.297743055555557
0.1392838954925537
0.6420533695126053
10.065586419753085
0.157181978225708
0.7062317353363845
7.690972222222223
0.14970898628234863
0.8271141761792091
7.065972222222221
0.1456284523010254
0.6984004354882464
9.27951388888889
0.1525421142578125
0.6192553785452337
13.564814814814815
0.1414339542388916
0.6406086354092352
12.127976190476192
0.1462545394897461
0.7538855468986169
10.208333333333334
0.14325332641601562
0.6672596772610504
9.43576388888889
0.15560054779052734
0.6422455635811597
10.511363636363638
0.17173075675964355
0.6439256404264173
11.52199074074074
0.1514444351196289
0.6036314144714713
11.334876543209877
0.1699671745300293
0.6241358988266013
11.520833333333334
0.14577007293701172
0.6352872395512849
12.40354938271605
0.14438652992248535
0.6640297881931396
10.617283950617283
0.14140701293945312
0.6069263352786991
10.185185185185185
0.1412498950958252
0.601272455825558
7.878086419753087
0.14270997047424316
0.6018577209784426
12.067550505050507
0.1447744369506836
0.5891356118220128
7.868055555555555
0.14194059371948242
0.617921644894888
7.12962962962963
0.14030671119689941
0.590701780997642
16.208964646464647
0.1623847484588623
0.594415441906995
8.611111111111109
0.1445612907409668
0.6203755802952227
9.510030864197534
0.16246891021728516
0.6763590217565502
9.573412698412698
0.15189695358276367
0.628714101392374
7.156635802469135
0.13932561874389648
0.6193190932557091
6.089409722222222
0.14415478706359863
0.6572366239165157
12.349537037037038
0.1440725326538086
0.6458059432657811
7.561728395061729
0.14203858375549316
0.530328477631278
11.649305555555555
0.14577484130859375
0.5562057153748834
11.269290123456791
0.1439199447631836
0.6424802021207652
7.826967592592592
0.14586591720581055
0.6432833168341059
6.706730769230769
0.1448218822479248
0.6444057215144139
9.21875
0.16714239120483398
0.6180223632881756
9.712301587301587
0.1738426685333252
0.5421000926519153
7.608796296296297
0.18008852005004883
0.5746762509933123
17.233796296296294
0.17231535911560059
0.6235572516645289
14.050925925925926
0.14220547676086426
0.5519223760825007
11.64236111111111
0.16171479225158691
0.5089554157926979
10.266203703703702
0.14594340324401855
0.5276836782792391
11.9483024691358
0.14206504821777344
0.5143108101757872
6.77517361111111
0.15411043167114258
0.5319288629243198
7.372685185185186
0.16525959968566895
0.5793594136550221
10.050154320987655
0.15043163299560547
0.5749541363378685
9.147376543209877
0.14259862899780273
0.6094766803171137
8.4765625
0.147216796875
0.6187883105307801
9.149305555555555
0.17116093635559082
0.6748824592172586
8.788194444444445
0.14368557929992676
0.6425185222161798
6.11111111111111
0.1446700096130371
0.6211562478827962
9.475308641975309
0.15280723571777344
0.6119836063227366
9.047067901234566
0.13620853424072266
0.6053057266368643
10.864197530864196
0.15105628967285156
0.5892214727964992
11.706349206349206
0.16393041610717773
0.6224868827299957
9.940476190476192
0.14006996154785156
0.6683406037563735
11.04861111111111
0.15364503860473633
0.7293743698077808
9.644097222222221
0.13876128196716309
0.6114239919700888
8.01388888888889
0.1453542709350586
0.5605151881915823
6.712962962962962
0.14104604721069336
0.5976993398169704
19.145833333333332
0.1481175422668457
0.6221496944705139
18.206018518518515
0.16446805000305176
0.5217336220372273
9.195601851851853
0.17757749557495117
0.47981295306512733
9.76851851851852
0.16507816314697266
0.5882499334450578
9.036458333333334
0.15238428115844727
0.6545814881584724
6.319444444444445
0.1435070037841797
0.6318836740238857
5.664062499999999
0.16094613075256348
0.6277493053679012
5.428240740740741
0.1403961181640625
0.6064958870129648
5.638020833333332
0.14548063278198242
0.7132682006066564
13.50115740740741
0.13840365409851074
0.6711303619820491
13.14814814814815
0.1402273178100586
0.634776257558866
12.04861111111111
0.13745856285095215
0.6201892419313708
9.659722222222221
0.15276145935058594
0.6335916409068767
7.32638888888889
0.17092418670654297
0.6553699426019606
7.152777777777778
0.1439499855041504
0.6145425490765738
7.347222222222221
0.15348267555236816
0.5265742448271183
12.0625
0.1527421474456787
0.6536028477225418
17.499999999999996
0.15211176872253418
0.5479382766234552
11.822916666666666
0.14405536651611328
0.6303022426254722
7.798611111111112
0.14822936058044434
0.5312522067071985
9.760802469135802
0.1430659294128418
0.5870121655700403
9.166666666666668
0.1756594181060791
0.5068231457202046
7.256944444444445
0.16016864776611328
0.5372537062262573
14.51388888888889
0.1416616439819336
0.49478747511780324
17.33940972222222
0.16808843612670898
0.5423986300449338
9.739583333333332
0.13727474212646484
0.5351735402491279
4.875992063492063
0.1484050750732422
0.5867238777341796
11.245039682539682
0.1369612216949463
0.6229283942614986
8.566468253968253
0.14377331733703613
0.6361532848969038
7.861111111111112
0.14535212516784668
0.6493176546286072
12.11111111111111
0.14527511596679688
0.5053647675236204
7.881944444444445
0.15082883834838867
0.48792829964425855
3.541666666666667
0.14251136779785156
0.6028628408076521
19.890046296296294
0.15279078483581543
0.6172927083898919
19.774305555555557
0.1365671157836914
0.6307185491078868
10.013888888888891
0.14891862869262695
0.6366005242919004
11.37310606060606
0.13646912574768066
0.6094471602865802
9.440104166666666
0.1495518684387207
0.6544145812160612
8.119212962962964
0.15099668502807617
0.6954481554991706
5.364583333333333
0.13706541061401367
0.6174876204921182
5.659722222222221
0.15378546714782715
0.5407904124860647
6.649305555555555
0.1834251880645752
0.5424288851245376
9.453125
0.14674687385559082
0.5736430082285783
10.416666666666666
0.14215683937072754
0.6373144746188867
14.965277777777779
0.15286970138549805
0.6417881821552566
15.729166666666666
0.13830876350402832
0.5222413891194017
6.122685185185184
0.15420269966125488
0.5257324140030811
14.9375
0.14490580558776855
0.43358695491259464
18.26388888888889
0.15058159828186035
0.5124836440767104
10.203373015873016
0.15265393257141113
0.512427148931591
9.675925925925926
0.14702773094177246
0.6104976973572799
16.71875
0.1379239559173584
0.6163637164086458
11.766975308641976
0.16228628158569336
0.6008917478886516
9.496527777777777
0.14992761611938477
0.6556934071820222
11.324404761904763
0.13440728187561035
0.6088600591617832
9.733796296296298
0.14335298538208008
0.5246150459374032
8.433641975308642
0.14040088653564453
0.5821188094343811
7.026909722222222
0.17101144790649414
0.5254957568840376
4.678819444444445
0.14840245246887207
0.5600085089478036
5.292658730158729
0.14471769332885742
0.5254962416859719
3.8640873015873014
0.14401841163635254
0.6547485322070753
7.410714285714286
0.15113472938537598
0.6300726764959083
9.265046296296296
0.14136576652526855
0.621590183890039
15.34722222222222
0.14035320281982422
0.6173061764846642
18.313492063492067
0.14654254913330078
0.609637344641516
15.03472222222222
0.1478891372680664
0.547322351120999
12.645833333333332
0.1371316909790039
0.5925174597245904
7.604166666666667
0.15005016326904297
0.6072648550727536
19.79513888888889
0.15280723571777344
0.5337386377314183
10.190972222222225
0.15908050537109375
0.5753119887498153
9.295634920634921
0.15020513534545898
0.6093010216989978
11.711805555555555
0.1425766944885254
0.6402899283433339
14.5734126984127
0.14652752876281738
0.6716609885980954
7.690972222222222
0.14985370635986328
0.5727073563945414
17.555555555555557
0.140916109085083
0.6131310071984896
8.32175925925926
0.14525890350341797
0.6707454788904066
8.564814814814815
0.14170384407043457
0.6802713757081574
4.982638888888889
0.14963603019714355
0.5268441696382725
5.208333333333333
0.15690183639526367
0.5945596933098184
5.659722222222221
0.14063000679016113
0.7035538667377748
11.88888888888889
0.14867568016052246
0.6481597328329808
10.462962962962962
0.14062738418579102
0.5395273394705007
12.36111111111111
0.1451869010925293
0.5617816563468738
7.152777777777779
0.15184450149536133
0.5297906777026004
8.998842592592592
0.15569734573364258
0.4504255996952818
12.789351851851853
0.14782023429870605
0.5518099448207806
9.207175925925926
0.15326333045959473
0.6136946318826099
7.526041666666666
0.15712523460388184
0.5578012726348294
10.179398148148147
0.15734100341796875
0.6354045511972618
8.487103174603174
0.1448218822479248
0.6024799859801985
10.385416666666666
0.14642548561096191
0.5138041882143483
6.901041666666666
0.13707351684570312
0.5517956959188737
7.782738095238094
0.144456148147583
0.5595773007095055
7.447916666666667
0.14571571350097656
0.6091948811243076
4.826388888888888
0.1437845230102539
0.5664954517062235
18.209325396825395
0.15515851974487305
0.6289867149507772
10.202546296296296
0.147705078125
0.5953888012487382
9.661458333333334
0.1508481502532959
0.6225986337578123
9.6875
0.1422438621520996
0.5917567721014633
14.0625
0.14076876640319824
0.5824375503751661
13.437500000000002
0.1580209732055664
0.5679896932497956
14.764660493827158
0.17200040817260742
0.5458623289429289
8.755787037037036
0.1593635082244873
0.6154237103713137
16.46701388888889
0.17394042015075684
0.6420972316397632
9.675925925925926
0.1781783103942871
0.6620205624206672
9.356060606060607
0.15423178672790527
0.6276527944058903
11.426767676767678
0.14810705184936523
0.5871884487949578
8.090277777777779
0.17050981521606445
0.5458868765818481
15.945216049382715
0.14504599571228027
0.5765722668995913
20.055555555555554
0.16237187385559082
0.5679574493874654
11.336805555555555
0.16109776496887207
0.49706109599152515
7.833333333333334
0.14984416961669922
0.5946087096823335
8.96329365079365
0.1687910556793213
0.5907745018025008
9.93827160493827
0.1419544219970703
0.5617917070277697
6.031746031746031
0.145033597946167
0.5254236650093365
8.54861111111111
0.14974021911621094
0.5519535619761614
6.62037037037037
0.14827513694763184
0.5468311367265303
3.9791666666666665
0.16787934303283691
0.4923934523265698
4.739583333333333
0.1417217254638672
0.5701488385594904
12.934027777777777
0.14143967628479004
0.6263525722220479
7.847222222222221
0.14011216163635254
0.6341120797351205
11.38888888888889
0.14812731742858887
0.574667288868632
10.972222222222221
0.15658116340637207
0.557433503149239
8.253968253968255
0.1440563201904297
0.6038050818062373
7.982954545454546
0.14542794227600098
0.6133555851385092
7.144097222222222
0.14718842506408691
0.623042575967149
7.721354166666666
0.14046072959899902
0.5970111624910387
11.011904761904763
0.1405198574066162
0.48418063085374385
8.61111111111111
0.14677190780639648
0.5324202361478471
14.658564814814811
0.15652894973754883
0.5303394768541735
17.372685185185187
0.14211201667785645
0.5944123236225773
22.269965277777775
0.14591622352600098
0.5937673483868925
13.670634920634923
0.14230036735534668
0.5764040044751212
9.072420634920634
0.1429436206817627
0.5968588460064416
8.641975308641975
0.15592718124389648
0.6011909021401122
8.424145299145298
0.14810657501220703
0.6371385332200747
9.067129629629628
0.1416168212890625
0.6429207952439788
8.757716049382715
0.14278459548950195
0.5713302023828339
7.1571180555555545
0.1467282772064209
0.5609533007640302
5.364583333333333
0.15024018287658691
0.6025334058717644
4.541666666666666
0.14136433601379395
0.5372637003863682
10.15432098765432
0.14751958847045898
0.5325128375718683
5.248842592592593
0.14027714729309082
0.6446782961637005
12.326388888888891
0.14108800888061523
0.6838024863581857
17.07561728395062
0.14852428436279297
0.609929236412696
8.348765432098766
0.18096446990966797
0.5535280798475273
5.908564814814814
0.1450941562652588
0.43580980005077696
8.090277777777777
0.17887544631958008
0.525977341769836
6.516203703703705
0.14982247352600098
0.5619348737804745
4.826388888888889
0.13986420631408691
0.5850754868120741
7.951388888888888
0.14924001693725586
0.5616470881825087
5.008680555555555
0.14499211311340332
0.5197480557331372
14.103009259259258
0.14156460762023926
0.5072625391975236
21.71527777777778
0.14043903350830078
0.5461501183787699
22.020833333333336
0.1426541805267334
0.6683079427056008
11.689814814814815
0.1468210220336914
0.7143461127226137
17.319444444444446
0.14306426048278809
0.6209698816110006
17.346230158730158
0.1641373634338379
0.6998169117992941
12.222222222222225
0.16152095794677734
0.7140501642922248
15.386904761904763
0.14783024787902832
0.6100603965048939
7.385912698412699
0.14419841766357422
0.561121472344318
18.30439814814815
0.1615893840789795
0.5766024463362924
18.824404761904763
0.14946985244750977
0.46713779109804654
13.015046296296296
0.14170312881469727
0.5466915181352519
10.074404761904761
0.1456906795501709
0.6456407456742023
8.910590277777779
0.1574084758758545
0.7038593737445961
15.44367283950617
0.14641642570495605
0.8108066340449488
15.795454545454549
0.1453249454498291
0.7743972180522167
11.488095238095237
0.15086817741394043
0.7170362462772881
11.701388888888886
0.13712549209594727
0.6835552155904272
15.286458333333334
0.14766931533813477
0.641928280082777
13.155381944444445
0.14708733558654785
0.7081855862463082
8.875
0.14087176322937012
0.6495058647264531
11.203703703703702
0.14711809158325195
0.612343802058027
9.389467592592592
0.14625906944274902
0.613363791108991
7.875631313131311
0.14941072463989258
0.6104589764312245
12.17013888888889
0.14381837844848633
0.5645474017093994
8.172743055555555
0.1453254222869873
0.5597578759885801
10.459104938271604
0.15198469161987305
0.5775860991504493
16.51909722222222
0.1476879119873047
0.5667447740054766
13.993055555555555
0.1489424705505371
0.6118602160307722
11.29513888888889
0.14020204544067383
0.607881846170327
15.853587962962962
0.17227458953857422
0.6857242721999238
17.32323232323232
0.14281487464904785
0.7058338689629176
11.917438271604938
0.13847684860229492
0.6600330951385314
14.48263888888889
0.16352462768554688
0.6164387163356004
8.075396825396824
0.1402132511138916
0.6135245906608137
8.129960317460318
0.13861489295959473
0.6972240338550719
9.76388888888889
0.14136052131652832
0.6903100955459786
6.527777777777778
0.138106107711792
0.6320341767603338
11.682098765432098
0.14777684211730957
0.7033943553253897
12.894965277777779
0.14696741104125977
0.6932675946939945
8.918650793650794
0.14957928657531738
0.6525022173936001
17.678571428571423
0.14833283424377441
0.6335898207104776
8.121527777777777
0.1441936492919922
0.6292610220659003
8.236882716049383
0.17126035690307617
0.6880818897227566
14.513888888888886
0.14640426635742188
0.6087060524950485
19.382716049382715
0.14487099647521973
0.6081655053098121
7.665895061728396
0.15091967582702637
0.6100658509066871
10.194444444444443
0.14711213111877441
0.6814879296201504
10.327932098765432
0.15511870384216309
0.7151410964259264
11.593749999999998
0.14396166801452637
0.6511354744607379
12.040895061728394
0.1499786376953125
0.5099402431499207
6.336805555555556
0.1423792839050293
0.47213529770398505
18.50115740740741
0.15456795692443848
0.46416708390919925
12.5
0.14113879203796387
0.6023674234974545
17.369791666666668
0.15059542655944824
0.680959794380847
8.53174603174603
0.14121556282043457
0.6966771105486594
13.18142361111111
0.14437055587768555
0.6821594943937163
21.979166666666664
0.14458823204040527
0.6182165844018066
15.277777777777777
0.1411573886871338
0.6460803750107654
10.381944444444445
0.14310216903686523
0.6615635553344033
18.467261904761905
0.14675450325012207
0.6376894491743509
10.707070707070706
0.14283323287963867
0.7867508981440873
10.828993055555555
0.1483609676361084
0.6875559705493293
9.525462962962965
0.14225482940673828
0.647014166304735
7.313368055555556
0.16753149032592773
0.5861934536551686
13.024305555555554
0.16855239868164062
0.640453257520511
10.046296296296298
0.14662432670593262
0.6065765626932567
12.17013888888889
0.16663527488708496
0.637788772273204
17.233796296296298
0.17569518089294434
0.5466588660765289
14.811507936507937
0.17569756507873535
0.5971386191275578
9.189814814814815
0.15091919898986816
0.6225979944871286
9.991319444444445
0.14008522033691406
0.6025777879227029
11.462191358024691
0.16976666450500488
0.6037805408134228
12.291666666666668
0.15971851348876953
0.6357743989434237
7.858796296296297
0.14443063735961914
0.6020417348052789
11.36574074074074
0.1606295108795166
0.6299134638665361
6.8849206349206336
0.15904974937438965
0.5874291458618598
8.680555555555555
0.1406400203704834
0.6057622885440583
9.36111111111111
0.13894295692443848
0.6283390504408286
13.764880952380953
0.15158486366271973
0.5679245259199222
10.560515873015875
0.1374516487121582
0.5840254914792283
10.267857142857142
0.1705167293548584
0.6423759676391254
8.659722222222221
0.14091873168945312
0.6976466646165732
11.974206349206352
0.15111064910888672
0.5586412161063863
6.30787037037037
0.1426239013671875
0.49242638139035094
7.578125000000001
0.137953519821167
0.5376285901026923
8.506944444444445
0.14232516288757324
0.5234815118653658
6.895833333333334
0.14481830596923828
0.613699806218572
9.375
0.14572739601135254
0.5362570306596892
13.055555555555555
0.13617372512817383
0.5944913048658997
13.877314814814815
0.1422896385192871
0.6122513968266216
12.065972222222221
0.13712716102600098
0.5975143905812785
6.504629629629629
0.13711953163146973
0.6156431613745296
8.37962962962963
0.1491105556488037
0.667695333184654
12.36111111111111
0.16128110885620117
0.660413113159865
9.641203703703704
0.15789008140563965
0.601372726958563
11.909722222222221
0.1411910057067871
0.5081872361218048
9.56439393939394
0.15492630004882812
0.4711671925836304
9.305555555555555
0.14249491691589355
0.5679971572566286
6.19212962962963
0.14196419715881348
0.5498169406846876
10.193452380952381
0.15004825592041016
0.5248336499851471
6.976010101010101
0.15323448181152344
0.6340935784153826
14.012896825396824
0.1540052890777588
0.6223326310098066
9.716435185185185
0.14542484283447266
0.5665528057757422
11.83531746031746
0.14166045188903809
0.6519578260686135
9.440972222222221
0.14074087142944336
0.6531384388111514
8.37962962962963
0.13861536979675293
0.6048291899704445
7.375992063492063
0.14792776107788086
0.6090159047436247
6.40625
0.15006017684936523
0.608804374397104
12.281746031746033
0.15019488334655762
0.6474220546242564
7.977430555555556
0.14028429985046387
0.614615689899283
5.902777777777778
0.14598989486694336
0.5571903416936642
13.689236111111112
0.14148974418640137
0.682179026915869
11.440972222222221
0.16245341300964355
0.6795380251666592
11.279761904761903
0.14364099502563477
0.6228377199866763
6.254960317460317
0.13675856590270996
0.5892486351281518
6.934523809523809
0.14925312995910645
0.6081322113929865
8.30295138888889
0.13648343086242676
0.5831856435779472
13.462752525252528
0.15217256546020508
0.6004247531441268
11.916666666666666
0.14218473434448242
0.6075175096443804
10.782828282828284
0.14497661590576172
0.6630678749898974
15.601851851851851
0.15918278694152832
0.6150198252007767
12.040598290598288
0.15194129943847656
0.5798562615627066
9.902146464646462
0.15047550201416016
0.5507018179014097
9.791666666666668
0.1644725799560547
0.6048057421948212
10.510416666666668
0.16327738761901855
0.6398996599263727
12.288510101010099
0.1452653408050537
0.6418399286666564
13.313492063492063
0.14010047912597656
0.5716926588221902
8.142361111111112
0.1479952335357666
0.5637232885640133
8.364898989898991
0.1442859172821045
0.579442464878684
8.368055555555555
0.14195799827575684
0.5996557227116305
10.70138888888889
0.14012360572814941
0.6276325395631431
9.010416666666666
0.15166139602661133
0.5826800164934924
6.2905092592592595
0.1550278663635254
0.553786765771272
6.746031746031745
0.14409232139587402
0.5915994906293455
10.995370370370368
0.1542680263519287
0.5449677208511581
10.559895833333334
0.15669536590576172
0.5230105756017723
10.125
0.1430377960205078
0.5297567430724941
11.554783950617283
0.14652752876281738
0.5420251413652316
9.464285714285714
0.13680601119995117
0.6102177880361375
12.569444444444445
0.14826631546020508
0.5270046187582087
17.51736111111111
0.1368260383605957
0.6269366088210497
10.856481481481481
0.14252161979675293
0.6554360357350221
15.956790123456788
0.1484372615814209
0.6279945634954468
10.653935185185185
0.1518399715423584
0.6471415495955725
20.666666666666664
0.14247417449951172
0.4953535053362476
18.211805555555554
0.16355443000793457
0.4683333510423295
9.39670138888889
0.14230799674987793
0.4889960091775628
12.8125
0.15668916702270508
0.5537598540037565
11.751543209876543
0.14265799522399902
0.6090152487830506
7.789351851851852
0.15181279182434082
0.6267242899643279
13.958333333333334
0.14485502243041992
0.668326366341903
7.356770833333334
0.13809704780578613
0.652420588540133
5.91765873015873
0.15059423446655273
0.5888924331711911
7.314814814814814
0.14560866355895996
0.5635592764108653
16.423611111111114
0.14168190956115723
0.46898028926345775
9.661458333333334
0.15323090553283691
0.5565424176537594
10.30864197530864
0.14446759223937988
0.7017231909601674
12.353395061728394
0.15009522438049316
0.6976035940609678
9.227430555555555
0.14679431915283203
0.620649829776441
9.2609126984127
0.1509847640991211
0.5788815993486033
8.92795138888889
0.14212727546691895
0.5588513572109747
5.706018518518519
0.17463374137878418
0.5830505088485457
10.421006944444446
0.14633464813232422
0.5662366620165826
8.593750000000002
0.16212224960327148
0.584513155411938
10.945216049382715
0.15552520751953125
0.5978813329136096
6.979166666666667
0.14246559143066406
0.5186789303266002
8.44135802469136
0.18056654930114746
0.5401270181130063
7.906250000000002
0.1396777629852295
0.5692771743374025
7.638888888888888
0.1497495174407959
0.6085265833047943
11.438078703703702
0.17300152778625488
0.5826497562828727
12.422839506172842
0.15037965774536133
0.5881346942821346
15.972222222222223
0.13744163513183594
0.6276002079192067
7.903645833333333
0.16152501106262207
0.637411428155115
7.797067901234568
0.1408557891845703
0.6234962295290045
13.199404761904761
0.15534210205078125
0.5671179175143777
12.977430555555554
0.14706206321716309
0.5385605863821273
14.801587301587302
0.15116095542907715
0.6314060257245853
10.944444444444446
0.15223026275634766
0.6188191846611387
14.320436507936506
0.14130282402038574
0.5991554140874391
7.901234567901235
0.13789749145507812
0.5562771846299694
5.607638888888888
0.18879055976867676
0.5550844763584718
4.819444444444445
0.14314723014831543
0.5749209072028622
9.787808641975309
0.14334940910339355
0.5816362110009642
9.938568376068377
0.1479957103729248
0.622166113199618
7.832754629629631
0.17794108390808105
0.6243251318519188
8.424479166666668
0.15654420852661133
0.6316999372950275
13.340277777777777
0.14731192588806152
0.6203118172353487
15.75347222222222
0.14086580276489258
0.6165549503585744
7.981770833333333
0.1453845500946045
0.4645789901823278
5.297619047619048
0.16556692123413086
0.5502004572899877
6.71875
0.14771699905395508
0.5328340734734028
7.766203703703705
0.1678447723388672
0.6352809512155125
12.842881944444443
0.14383196830749512
0.587011732260868
11.049382716049385
0.14689230918884277
0.5867029668651242
12.29861111111111
0.17160272598266602
0.6033193842041153
11.831597222222221
0.14823102951049805
0.634599333869213
9.699074074074074
0.14271092414855957
0.5950186626713067
8.67739898989899
0.16519856452941895
0.6342664994356781
12.152777777777779
0.14576506614685059
0.6172406537072851
13.975694444444446
0.1364574432373047
0.582248518258669
9.423076923076923
0.1420586109161377
0.6341475318285107
12.59259259259259
0.14211654663085938
0.6681991088052176
9.73611111111111
0.1415848731994629
0.6458306537703198
7.633101851851852
0.1433112621307373
0.5255259167636396
7.5
0.14772534370422363
0.5725896227472489
13.039772727272727
0.14527440071105957
0.5881056834811648
17.087191358024693
0.1620790958404541
0.5985224926053956
15.574494949494948
0.14747142791748047
0.5629573587514685
9.395833333333332
0.14211821556091309
0.5594229628064
7.510416666666667
0.13557100296020508
0.5628653489768612
8.965277777777779
0.14396119117736816
0.6330050230898082
10.419823232323232
0.1426708698272705
0.6424012021957922
10.590277777777779
0.17341828346252441
0.6417615122771846
10.552662037037038
0.15220212936401367
0.6769504859120968
11.44097222222222
0.14741134643554688
0.6785714062489396
6.250000000000002
0.14357876777648926
0.5925005036950716
4.430555555555555
0.15433931350708008
0.5249216636547971
13.39699074074074
0.14881205558776855
0.5266820526917148
6.012731481481482
0.15111589431762695
0.4293745056140193
6.695601851851852
0.13944292068481445
0.4953441654357233
5.902777777777777
0.15393733978271484
0.5817627948147012
11.3604797979798
0.15085935592651367
0.6031224461014728
14.59280303030303
0.14238667488098145
0.6080692049199345
9.116512345679013
0.14932656288146973
0.628390510163615
11.277006172839505
0.14906835556030273
0.6164087706577435
9.978298611111109
0.14945149421691895
0.6001305223925323
18.849206349206348
0.14120197296142578
0.5284633174147191
7.858796296296295
0.16397333145141602
0.5579599966039176
12.229166666666666
0.15342092514038086
0.6105924137286362
9.936342592592593
0.1432807445526123
0.6000461069692852
6.653645833333333
0.1514589786529541
0.6016305704203041
15.425347222222225
0.159409761428833
0.47160980576284495
10.659722222222221
0.15835142135620117
0.5414071316287933
9.000771604938272
0.15847301483154297
0.5753212623836012
6.536458333333334
0.16454148292541504
0.6215145447169752
14.822530864197534
0.13986802101135254
0.60615181482031
14.751984126984127
0.1393451690673828
0.6723722919772587
13.197916666666668
0.17256402969360352
0.7085622882533053
12.27141203703704
0.14566850662231445
0.6669012135045823
10.18696581196581
0.14473700523376465
0.7460405751730512
9.858217592592593
0.15578937530517578
0.7433244022409996
9.201388888888888
0.15087890625
0.6523201517575904
7.565972222222223
0.15407800674438477
0.6256485884518158
11.060956790123456
0.1501302719116211
0.6056796477705049
10.221354166666668
0.1432197093963623
0.6212117522092634
10.454282407407407
0.15303969383239746
0.6436955037410368
10.183080808080808
0.14319086074829102
0.6044154106847838
10.044191919191919
0.16747689247131348
0.6292144474568158
9.541666666666668
0.14980101585388184
0.597645192141515
8.30246913580247
0.13773703575134277
0.5437998251903248
9.649621212121211
0.15212178230285645
0.49032842273639055
10.715277777777779
0.14253616333007812
0.5694331545455238
7.021604938271606
0.13875889778137207
0.5998388601918123
13.983585858585856
0.14184880256652832
0.49756101427157257
5.104166666666667
0.14440560340881348
0.6050569731430705
8.514660493827162
0.16475915908813477
0.6174420436806969
12.449494949494948
0.18596553802490234
0.6503241137025191
14.90740740740741
0.14644837379455566
0.6000262300590774
12.774621212121213
0.14406132698059082
0.610490051984163
8.117283950617285
0.142409086227417
0.5752096063414235
7.924679487179487
0.1504058837890625
0.6067837942811173
6.001157407407407
0.15230298042297363
0.6478556810135758
11.113782051282053
0.14119815826416016
0.6409634670938669
12.102272727272727
0.18229317665100098
0.6057416097431358
16.309974747474747
0.1504192352294922
0.5753424445820681
7.492283950617284
0.14258193969726562
0.6002513896343663
11.470959595959595
0.15218162536621094
0.6125374086111234
11.297123015873016
0.15143585205078125
0.6059762573525004
8.578869047619047
0.13694214820861816
0.6352415809679947
9.697420634920633
0.14458060264587402
0.6596239751323657
9.890491452991453
0.14413952827453613
0.6510642601396212
11.249999999999998
0.1455821990966797
0.6128632265884751
15.975694444444443
0.1498701572418213
0.594941820832107
19.24873737373737
0.1397104263305664
0.5418096845870611
9.39709595959596
0.14472675323486328
0.5952559853792974
16.104166666666664
0.1413745880126953
0.6026864869590737
12.717013888888891
0.1593163013458252
0.6233451827851563
10.488782051282051
0.14524078369140625
0.607155567492956
10.28125
0.15264129638671875
0.654986080337811
6.79563492063492
0.1534130573272705
0.6451993581579814
11.924189814814815
0.16367506980895996
0.6103435701934073
9.265873015873018
0.16093015670776367
0.6171438721670085
7.78125
0.1461336612701416
0.5657943857531061
7.800925925925925
0.16930031776428223
0.5671692180943977
10.680555555555554
0.15266799926757812
0.6042395476512029
9.066840277777777
0.140594482421875
0.6140743481145958
8.589409722222223
0.14120006561279297
0.5990915145279715
10.907118055555555
0.16413545608520508
0.6125364100772346
14.463734567901234
0.14926481246948242
0.6014249487751453
8.120659722222223
0.14278578758239746
0.6592594667361112
7.704475308641976
0.14652657508850098
0.5453816075471172
9.318910256410257
0.15195608139038086
0.585787343799079
10.170454545454545
0.14664626121520996
0.5609854273101934
9.071969696969695
0.14876723289489746
0.526850640950172
9.783653846153845
0.14846110343933105
0.530280569393586
5.991512345679013
0.1639556884765625
0.6128931337904505
9.505876068376068
0.15041685104370117
0.599915047291243
8.163580246913579
0.14000940322875977
0.6683460469986172
7.881944444444444
0.14503216743469238
0.6322610954070013
8.407407407407408
0.14489340782165527
0.6218263747489525
7.057291666666667
0.19157934188842773
0.6146947391423008
12.572916666666666
0.14635896682739258
0.5939474919261156
13.754960317460318
0.1452016830444336
0.5106362551136958
9.184027777777777
0.1446981430053711
0.5827797612372264
10.996527777777777
0.18062162399291992
0.6281083642179783
11.929976851851853
0.1661853790283203
0.5996582663478943
9.030671296296298
0.13982582092285156
0.54953171136535
12.263257575757576
0.16242456436157227
0.5658867235028066
11.782407407407405
0.1390821933746338
0.61561270022647
8.601466049382715
0.14726591110229492
0.5846542375003149
9.232026143790849
0.17066144943237305
0.6453712065771324
11.931818181818182
0.14074420928955078
0.6052960234196358
13.115530303030305
0.17195582389831543
0.6111158515332018
13.70949074074074
0.13863492012023926
0.6057965282089881
7.677083333333333
0.1742112636566162
0.5950531062917808
6.174242424242425
0.1784961223602295
0.5323212995405675
6.570216049382715
0.14830660820007324
0.6304058942820558
4.853395061728396
0.1487720012664795
0.5830234197255904
8.288194444444445
0.14735102653503418
0.6056331010719086
10.733506944444445
0.1429121494293213
0.5381054180232564
6.954861111111112
0.16776013374328613
0.6086181162647212
12.029320987654321
0.15588164329528809
0.5333586396073872
7.010030864197532
0.1432480812072754
0.5073402199875338
7.3070987654321
0.1420273780822754
0.5802895548655713
9.093364197530864
0.16761136054992676
0.5557893068056928
6.974206349206349
0.15166282653808594
0.5619543333311203
6.666666666666666
0.1687788963317871
0.5549584604108176
7.20734126984127
0.1501636505126953
0.6592704917008322
8.975694444444445
0.15239644050598145
0.5841490662013982
6.701388888888888
0.14377856254577637
0.5155235316328007
13.4375
0.15129876136779785
0.5253582886934514
10.813492063492065
0.13867783546447754
0.5541449657221073
12.260802469135804
0.14211416244506836
0.6075514485070477
9.756944444444446
0.1387498378753662
0.6413423192778483
9.112654320987653
0.15928339958190918
0.6203193942748169
8.308531746031747
0.1472470760345459
0.5441827569223769
12.784722222222221
0.14551067352294922
0.5402558711597081
7.980324074074073
0.14300918579101562
0.5376310974470544
10.029761904761903
0.15729212760925293
0.5804493568854834
7.210648148148149
0.1473836898803711
0.5319164144370191
5.536265432098766
0.1423354148864746
0.5341631619757315
15.322420634920634
0.14624500274658203
0.5326423203399578
10.605709876543209
0.16228246688842773
0.5991764997005635
12.300347222222221
0.1429603099822998
0.6699509789200306
11.438078703703704
0.14487338066101074
0.6683289544287546
12.17013888888889
0.14154577255249023
0.6168083237622213
9.88425925925926
0.15067291259765625
0.5160039495280755
5.783730158730159
0.1456618309020996
0.5208659457157271
6.8344907407407405
0.14835572242736816
0.5565373154368279
13.119212962962964
0.14896321296691895
0.5123016154538925
13.572916666666666
0.13969969749450684
0.6154904702760174
8.980429292929292
0.14330840110778809
0.6104330370584241
10.100308641975309
0.14159607887268066
0.6367519407323983
9.6875
0.1469104290008545
0.632665666578238
7.192460317460318
0.15665054321289062
0.5763422006830424
8.940972222222221
0.14773082733154297
0.5497634710889252
6.440972222222221
0.1362919807434082
0.6139459832704067
3.8402777777777777
0.13950061798095703
0.7032876922643804
12.847222222222221
0.15171575546264648
0.6059387213201363
11.13425925925926
0.17137575149536133
0.5708055225547486
10.563271604938272
0.1410818099975586
0.5431126410260608
9.718364197530866
0.1422715187072754
0.44671510971149747
11.475694444444443
0.14807987213134766
0.5703111067309614
9.618055555555557
0.1424720287322998
0.6038190469059036
9.016203703703704
0.15049028396606445
0.5418690056638564
9.02199074074074
0.1389601230621338
0.6067573103000861
15.711805555555555
0.14767670631408691
0.5563516115335608
7.482638888888888
0.16452908515930176
0.5094793442332145
12.877604166666668
0.14320039749145508
0.48686489414674444
6.882716049382715
0.17188215255737305
0.4810772463744995
5.614583333333333
0.1537466049194336
0.5582609545728182
6.232638888888889
0.1420595645904541
0.5582624834183677
8.996527777777777
0.16177153587341309
0.5697175262576039
6.218750000000001
0.13860535621643066
0.5910759127272001
8.20486111111111
0.17351245880126953
0.582685782718323
10.041666666666668
0.15394806861877441
0.5873117517434808
13.841145833333334
0.13974213600158691
0.5944291963531162
12.294560185185185
0.17055702209472656
0.5496905571209736
10.267857142857142
0.1491227149963379
0.6149584883950137
11.063762626262628
0.14217495918273926
0.5906803677343689
10.583333333333332
0.1701810359954834
0.5380739440756697
15.611111111111109
0.1455552577972412
0.5807385629956162
10.130208333333332
0.14724373817443848
0.540026388895054
11.358024691358025
0.13882088661193848
0.5800295230351643
16.328124999999996
0.14510560035705566
0.6034438951290301
21.604938271604944
0.14800643920898438
0.5389900886209883
8.038194444444445
0.1420612335205078
0.5792025715618874
5.387731481481482
0.1475372314453125
0.6139848042747761
12.309027777777777
0.17156052589416504
0.6093281528434644
6.711309523809524
0.16827011108398438
0.4999122228426346
16.1766975308642
0.14973211288452148
0.4758753854883887
11.902006172839506
0.15312552452087402
0.46162840213769524
13.983134920634923
0.16249465942382812
0.5195123826804212
7.256944444444445
0.13923406600952148
0.6360187196902188
8.469065656565657
0.1470959186553955
0.6940150663003642
8.970959595959595
0.13872814178466797
0.6811900586968328
8.324652777777779
0.14911341667175293
0.613571224536727
10.562499999999998
0.1448533535003662
0.5525958573582241
9.51388888888889
0.14468908309936523
0.5969219825869286
7.456597222222222
0.15453743934631348
0.6342528729608695
10.760030864197532
0.14861655235290527
0.5595394906434304
14.52690972222222
0.14452528953552246
0.5129005746430593
9.66579861111111
0.1405503749847412
0.5261428126586561
6.953914141414142
0.14420032501220703
0.538395746207789
8.045634920634921
0.15252065658569336
0.6271144872416627
7.222222222222222
0.14517974853515625
0.5237367260925472
8.55324074074074
0.17148947715759277
0.5911798749683089
10.524305555555554
0.17379546165466309
0.5844832643613131
15.473090277777779
0.14741969108581543
0.5428389325436822
18.450520833333332
0.14130234718322754
0.6057781179961833
6.888888888888888
0.16913485527038574
0.6088961386963024
7.391975308641976
0.14518356323242188
0.5277821159167606
9.171006944444446
0.14475297927856445
0.5007858012868648
13.949652777777779
0.1466515064239502
0.5087417869425236
5.069444444444444
0.14207935333251953
0.5188980811738724
8.854166666666666
0.14175677299499512
0.534380293402686
11.23611111111111
0.14993047714233398
0.5941100543963488
9.077932098765432
0.14808273315429688
0.633351555701273
10.403645833333334
0.14461970329284668
0.5724150193409708
6.7063492063492065
0.15194916725158691
0.6329129134349454
11.07253086419753
0.15260696411132812
0.6480431694225267
12.482638888888888
0.1439199447631836
0.5904626771639967
4.977904040404041
0.15247344970703125
0.5867491381702438
6.223958333333334
0.1434032917022705
0.5988648051902882
7.183159722222221
0.14608550071716309
0.6007531136514328
6.014660493827161
0.14114046096801758
0.5397660685350628
6.323302469135803
0.14706945419311523
0.6054100524400786
9.674479166666666
0.14286088943481445
0.6306627585948648
11.047453703703702
0.16315054893493652
0.5410345755274848
7.1397569444444455
0.13976526260375977
0.5099468825537545
8.680555555555555
0.1404118537902832
0.5678214645002716
10.212191358024691
0.14697480201721191
0.5296813718539889
9.717881944444445
0.1399245262145996
0.5131176494083717
9.346064814814815
0.1423778533935547
0.5625660243535431
5.194444444444445
0.14253950119018555
0.550656501684952
7.133487654320987
0.17488861083984375
0.565163522252928
7.476851851851851
0.14693331718444824
0.5276883840521994
5.3125
0.1501154899597168
0.553725832265878
21.194444444444443
0.17507576942443848
0.46815452059311713
21.840277777777775
0.1432023048400879
0.5301453589969493
16.520833333333336
0.14847850799560547
0.5760909659202915
19.172453703703706
0.15251517295837402
0.5889071246075761
13.745039682539682
0.14266204833984375
0.6456359425527007
12.384259259259258
0.15899896621704102
0.625995076337984
14.421296296296296
0.1515040397644043
0.6945582956043108
8.010912698412698
0.1445629596710205
0.6150052855960318
9.489583333333334
0.14040231704711914
0.5452813776343188
6.631944444444445
0.16852998733520508
0.61519991839598
7.371527777777777
0.1455082893371582
0.5516673739621676
10.911458333333336
0.1529552936553955
0.6186808881543624
10.368055555555554
0.1630725860595703
0.6556474357752661
9.141414141414144
0.16494536399841309
0.6295813390563002
12.32986111111111
0.14804530143737793
0.5637137667068616
8.909722222222223
0.14258241653442383
0.5928531318684164
8.927083333333334
0.16265034675598145
0.616301483347226
7.517361111111111
0.14088988304138184
0.6259067035560164
9.770833333333334
0.1729433536529541
0.590015829681733
13.648726851851855
0.13929057121276855
0.6114532930416693
12.32638888888889
0.13939762115478516
0.6062868915313904
9.438131313131315
0.16713762283325195
0.6292999509660276
8.338293650793648
0.15272092819213867
0.6829993710018908
16.01996527777778
0.14631104469299316
0.649586272370381
7.873263888888888
0.15469145774841309
0.6457981050572941
16.59027777777778
0.1437816619873047
0.6187220120920838
14.690656565656566
0.13793063163757324
0.6339121890992939
11.024305555555557
0.1456000804901123
0.6161688659349397
10.503472222222223
0.14290928840637207
0.6476117758482176
10.703125
0.1680927276611328
0.6863511351924958
11.339699074074076
0.1585545539855957
0.766377165577849
9.242424242424242
0.16943907737731934
0.639602471603664
7.302083333333333
0.14116382598876953
0.5717381443237017
9.359217171717171
0.14029955863952637
0.623820882513867
12.698863636363637
0.17219853401184082
0.5810893276788001
12.267628205128204
0.17632317543029785
0.6195363649703576
8.255876068376068
0.16990232467651367
0.6089491496104011
8.058226495726496
0.14677095413208008
0.6218257845311265
6.145833333333333
0.16524314880371094
0.6598877061850386
7.9652777777777795
0.16266798973083496
0.5924922812421214
11.840277777777779
0.14400839805603027
0.6108634801920273
9.23900462962963
0.14106297492980957
0.5794553623398833
7.496843434343435
0.1463024616241455
0.5813826056710028
9.02488425925926
0.16487407684326172
0.5855088556293938
9.826388888888888
0.14114880561828613
0.5474813071045699
6.698717948717948
0.16414117813110352
0.6161818163845599
10.190972222222223
0.14246296882629395
0.6057130898392988
10.329861111111112
0.1546006202697754
0.6039653216815176
8.65530303030303
0.14586424827575684
0.5762393624149144
7.619949494949496
0.1397244930267334
0.6209075118450751
8.661858974358976
0.17656183242797852
0.5631461652601025
11.600115740740739
0.18313050270080566
0.5606387997061207
11.5625
0.13874530792236328
0.6064235093427263
17.816358024691358
0.14133501052856445
0.598090038910832
10.529513888888891
0.14025473594665527
0.5562689377864579
9.79513888888889
0.13819169998168945
0.5605967741178794
7.864583333333333
0.15340232849121094
0.5843563484900286
12.136752136752138
0.1432797908782959
0.6434727014474676
8.903356481481481
0.16265416145324707
0.641448356299007
12.495039682539682
0.16379714012145996
0.6558604392259688
10.463789682539684
0.1498723030090332
0.7175760322930865
10.587121212121211
0.14347338676452637
0.6487180126946355
9.51736111111111
0.14416289329528809
0.6375136240096174
10.094696969696969
0.14568662643432617
0.6568842820610322
16.63888888888889
0.14055609703063965
0.6806957955914048
8.808760683760685
0.15061426162719727
0.6536912408026869
7.842261904761904
0.16119599342346191
0.6255841845738966
7.51953125
0.14485621452331543
0.6398692817062751
9.350198412698413
0.1707911491394043
0.6277979514980544
8.296296296296296
0.14666199684143066
0.5681330554512016
7.8151709401709395
0.14939069747924805
0.5474689987848934
7.337962962962964
