0.20211338996887207
0.8826839589325467
6.388888888888889
0.15445303916931152
0.8659807782114429
15.010416666666666
0.07659244537353516
0.8818315282465535
10.004960317460318
0.1627812385559082
0.9033338900350396
12.157118055555557
0.08437323570251465
0.8821127027044068
12.906746031746033
0.18439936637878418
0.8753634232535835
6.5625
0.11060190200805664
0.8925353101005274
6.675347222222222
0.15156865119934082
0.9066433298317358
11.89236111111111
0.1329801082611084
0.8882400578040178
8.412698412698413
0.15004777908325195
0.9111019966207371
12.569444444444446
0.11005806922912598
0.8501675763419315
13.093749999999996
0.2078554630279541
0.8505469236119391
15.543981481481483
0.15085840225219727
0.8361014100373555
9.296085858585858
0.15363740921020508
0.8311476861368252
8.113425925925926
0.14961528778076172
0.8657328221348556
8.84982638888889
0.1523451805114746
0.9052098860148398
12.812500000000002
0.15099692344665527
0.8645253870478519
13.211805555555554
0.15010690689086914
0.8385373650767024
9.336805555555557
0.17051959037780762
0.8788011234204571
9.184027777777779
0.14984464645385742
0.8919509800960379
15.599747474747476
0.17186975479125977
0.8686807963834748
13.990162037037038
0.16028308868408203
0.813296656725663
13.57060185185185
0.151292085647583
0.8304249226053961
15.006313131313133
0.18282723426818848
0.8344978907564986
12.491987179487179
0.1509242057800293
0.8655258327776104
15.700757575757576
0.17129111289978027
0.8191429280845741
11.458333333333332
0.15084242820739746
0.825528276695221
11.948784722222221
0.1510462760925293
0.855962074793119
9.551282051282051
0.14697742462158203
0.8217322114586758
13.722222222222223
0.16991376876831055
0.8679037661280059
9.00545634920635
0.15276193618774414
0.8494538206495792
10.403645833333334
0.16836142539978027
0.8522964432598369
11.25267094017094
0.15973329544067383
0.8867856264133543
12.028769841269844
0.15749096870422363
0.8723103748570918
11.770833333333332
0.16816949844360352
0.8419599762294687
12.652777777777777
0.1529371738433838
0.8151774726100787
10.520833333333334
0.17378544807434082
0.8273461664778735
12.277199074074074
0.16623163223266602
0.8304444036921574
8.73263888888889
0.15339875221252441
0.8461710827300564
6.477623456790123
0.1543276309967041
0.8601065947166653
9.741512345679011
0.15430545806884766
0.856180750087516
9.166666666666666
0.1551978588104248
0.8632272736595862
9.471450617283951
0.15210795402526855
0.8959615205673735
12.715277777777777
0.15294241905212402
0.8398565089657044
11.235119047619047
0.16079235076904297
0.8193912752197882
5.810185185185184
0.1518399715423584
0.8043418424436551
13.217592592592593
0.16870832443237305
0.800954663444467
15.824652777777779
0.15346717834472656
0.8072109837707041
19.305555555555557
0.1528337001800537
0.7766480285531083
13.665674603174605
0.15121102333068848
0.7629064342654667
7.777777777777776
0.15335512161254883
0.8052660291780215
10.366512345679013
0.15128016471862793
0.8535192391228752
10.846354166666666
0.15061688423156738
0.8126864011648429
11.156250000000002
0.16504240036010742
0.8471282291754264
9.788194444444446
0.15657377243041992
0.8657691509345745
11.13888888888889
0.16736936569213867
0.8694142704674317
14.763257575757574
0.15173006057739258
0.8184884879316778
13.317901234567902
0.15152192115783691
0.7744016237866329
10.752314814814817
0.1517956256866455
0.8272431075855267
10.913461538461538
0.16887736320495605
0.855912850460378
10.468749999999998
0.15081357955932617
0.7914128187569816
10.60763888888889
0.1536881923675537
0.8786667450506005
9.302398989898991
0.1511363983154297
0.885221655375699
10.355902777777779
0.1535205841064453
0.8483522055811412
9.967757936507935
0.15323829650878906
0.885592801119117
8.830128205128206
0.15205883979797363
0.8632071526068358
10.513117283950617
0.15468859672546387
0.853126991018804
6.748737373737373
0.1517622470855713
0.8337662513613242
9.416035353535353
0.14926910400390625
0.8436971819414628
11.880341880341884
0.1750023365020752
0.864371397411793
9.302662037037038
0.15397167205810547
0.8453682668717026
8.411458333333332
0.1525745391845703
0.8617063509746773
7.596450617283951
0.15350341796875
0.8967510653075669
8.896604938271604
0.1512911319732666
0.8754926809173789
11.975694444444446
0.17143487930297852
0.8686217092243956
9.735243055555557
0.16084837913513184
0.8177298022679319
13.463541666666666
0.15087628364562988
0.8444961594908211
13.238636363636363
0.16584038734436035
0.8671763690822115
10.902777777777779
0.15143537521362305
0.8962681562532295
13.715277777777777
0.15164875984191895
0.8806384092268433
10.50747863247863
0.1517946720123291
0.8545494949024679
9.494047619047619
0.1523880958557129
0.7723526970983509
8.29613095238095
0.15588784217834473
0.8175075566458379
8.725198412698413
0.15174102783203125
0.8263681193205208
12.604166666666668
0.15192222595214844
0.858454160767184
9.930555555555555
0.15125060081481934
0.8845544355990963
8.767361111111112
0.15097832679748535
0.833925478286795
9.025297619047619
0.15328264236450195
0.8181206109113085
10.187908496732025
0.15395689010620117
0.8815714474476691
11.903211805555555
0.1714794635772705
0.8545871415207567
9.042968750000002
0.15129661560058594
0.8207609157215323
11.417100694444445
0.16243934631347656
0.8438778217904626
11.764705882352942
0.17667102813720703
0.8439756886874508
10.11656746031746
0.1532120704650879
0.8247502988461048
10.0
0.15102410316467285
0.8492448372516768
9.620949074074076
0.1792163848876953
0.840624943854192
9.370915032679738
0.16203641891479492
0.9046375043231956
10.34548611111111
0.1517341136932373
0.8903464521539702
10.453703703703702
0.15706396102905273
0.8277376969641156
13.563034188034187
0.1504507064819336
0.8630197057051862
12.280092592592592
0.15497040748596191
0.8377545321870267
11.412037037037036
0.15413880348205566
0.8334828078738556
10.583767361111112
0.15306425094604492
0.847252573183318
13.136574074074076
0.15177464485168457
0.8637517951211995
11.726466049382715
0.17353510856628418
0.8705819799336496
17.61188271604938
0.1591958999633789
0.8090176343483104
12.269965277777777
0.15153026580810547
0.8742254254252493
13.284722222222223
0.15147924423217773
0.8318353996557826
12.65239197530864
0.16866397857666016
0.8413686319655749
13.701388888888891
0.16593670845031738
0.8116316110614238
10.043859649122808
0.16042351722717285
0.8780128153102098
10.567708333333332
0.15583014488220215
0.8776639808820339
12.211805555555554
0.15333151817321777
0.8669657634430307
14.909722222222223
0.17275094985961914
0.8875866147202469
11.380718954248366
0.17391109466552734
0.8936462114749962
11.44675925925926
0.16192078590393066
0.8595768690228139
11.78545321637427
0.17270445823669434
0.8885201058240558
11.577932098765434
0.16352009773254395
0.9224127749881675
12.777777777777779
0.17092657089233398
0.9065538347837535
12.628676470588236
0.15767884254455566
0.9056183081995385
11.830632716049383
0.16318297386169434
0.8975115971720081
11.919367283950617
0.17004084587097168
0.8562374346013834
11.489197530864196
0.16773152351379395
0.8899582896661519
11.905381944444446
0.17995047569274902
0.8847126087206791
12.93096405228758
0.17459988594055176
0.9282456765638843
14.148148148148145
0.16569185256958008
0.8939444356985701
15.092592592592588
0.18529796600341797
0.8786067724587132
14.864004629629632
0.17340421676635742
0.8843479068187893
12.607323232323234
0.17460989952087402
0.8917985659858725
12.002314814814815
0.1619892120361328
0.8661156538715757
11.208333333333332
0.1679394245147705
0.8379493620264847
10.158179012345679
0.15138983726501465
0.8752092379259563
9.718750000000002
0.17435359954833984
0.8359772555693553
8.422067901234568
0.15989327430725098
0.8928273865667754
10.008680555555557
0.17428159713745117
0.8279637042902056
10.763888888888891
0.17672514915466309
0.8176869284696608
10.987103174603176
0.17290210723876953
0.8353258109459446
8.08531746031746
0.16087889671325684
0.821999065177933
6.527777777777777
0.16698956489562988
0.8420191617994
9.265873015873016
0.17010092735290527
0.8201331598541297
8.133680555555555
0.17074179649353027
0.8134068230371311
12.935956790123456
0.15529894828796387
0.8117752754796047
16.84027777777778
0.18708276748657227
0.8260092530451982
9.36111111111111
0.17384600639343262
0.848426271685352
7.222222222222222
0.1578810214996338
0.8432640878107378
8.69357638888889
0.16040825843811035
0.821357314728082
11.359126984126984
0.17006659507751465
0.8121469665213532
7.468749999999998
0.1741318702697754
0.81868755202313
12.013888888888891
0.15149188041687012
0.760336939547466
11.61111111111111
0.1551806926727295
0.8174388856586999
10.535714285714286
0.1605992317199707
0.7981074883731574
8.602430555555555
0.1612992286682129
0.8237309557449625
5.758928571428571
0.1655111312866211
0.8506338539310673
10.8179012345679
0.15805912017822266
0.8138768350803953
6.29861111111111
0.17026758193969727
0.7922290442568054
19.35185185185185
0.1534125804901123
0.7699235991723129
9.41550925925926
0.16865110397338867
0.8205433734265003
15.3515625
0.160750150680542
0.8228328874658905
12.802579365079364
0.16277146339416504
0.8099174812037978
9.41550925925926
0.1515026092529297
0.8172057422618001
14.437500000000004
0.1553802490234375
0.808877441829545
9.662698412698415
0.1641223430633545
0.8059977167675664
10.965277777777777
0.15140867233276367
0.8168002274039428
10.943287037037038
0.16843080520629883
0.7502026417833931
9.574652777777777
0.16779088973999023
0.8025560777424026
6.475694444444445
0.171461820602417
0.7449376781276654
10.60763888888889
0.15253782272338867
0.7683274290037416
7.751736111111112
0.15895509719848633
0.7871872844756985
9.567550505050503
0.17617464065551758
0.8327152013001142
7.834201388888888
0.16414451599121094
0.7757056585264671
7.141203703703705
0.1503748893737793
0.7521610351418253
8.229166666666666
0.18164801597595215
0.7720244173432579
11.71875
0.15717077255249023
0.8036643566328722
4.016203703703703
0.1744527816772461
0.7590005852358025
11.238425925925926
0.15895605087280273
0.7525514074017244
11.189236111111112
0.17003226280212402
0.7860445239617757
6.67361111111111
0.172959566116333
0.754052686797403
8.900462962962962
0.16901707649230957
0.7832307458712123
8.576388888888888
0.17043066024780273
0.8574180760395074
8.284722222222223
0.15794944763183594
0.8100200866217572
11.408730158730162
0.15035533905029297
0.7943958878758576
22.455357142857142
0.15044212341308594
0.750328240958
7.456597222222221
0.17383909225463867
0.7760804869941773
12.893518518518517
0.1628704071044922
0.8343127618056463
9.230324074074074
0.1573195457458496
0.8665747824793008
12.799479166666666
0.16983914375305176
0.8728837114922705
13.308531746031747
0.18059444427490234
0.8296028455166792
15.793650793650794
0.1608891487121582
0.8559820298572934
9.820601851851853
0.16161108016967773
0.8444314125204928
20.55059523809524
0.15222978591918945
0.6846397478947536
5.993055555555555
0.1536240577697754
0.7118560455797636
4.722222222222223
0.1715068817138672
0.7833367775439849
4.661458333333333
0.16617441177368164
0.7670938885523994
9.108796296296296
0.17140984535217285
0.7689087481114024
7.361111111111111
0.15839862823486328
0.7810166826461895
5.688657407407407
0.15262651443481445
0.754667722437769
13.616898148148147
0.1528785228729248
0.7059269972881327
17.63888888888889
0.17116761207580566
0.6909301514656205
11.996527777777777
0.16927313804626465
0.807648838829617
10.67361111111111
0.1567249298095703
0.8182147361071845
12.332175925925926
0.16053438186645508
0.7788914803319699
12.65873015873016
0.17155933380126953
0.7937768567519216
5.807291666666667
0.1584925651550293
0.8232967100577302
20.92361111111111
0.1712198257446289
0.8564799660576451
20.694444444444443
0.17540216445922852
0.8031968319955246
15.109953703703704
0.1723942756652832
0.7838605917518158
11.246141975308642
0.17147326469421387
0.7934555796044885
13.344907407407407
0.15599346160888672
0.83501919676653
12.339409722222223
0.17147064208984375
0.7824925405806729
8.865740740740742
0.1621408462524414
0.7896132864950343
4.069444444444445
0.16657304763793945
0.6971987562445529
8.125
0.15213370323181152
0.7818403965704932
6.168981481481481
0.1604294776916504
0.7948573556910039
10.58449074074074
0.17020583152770996
0.8291646282096728
13.304398148148147
0.190643310546875
0.7856385213366691
8.462301587301587
0.165205717086792
0.7778036241425789
9.131944444444443
0.16817855834960938
0.8092291057817024
19.16087962962963
0.17169547080993652
0.8285119365531297
15.793650793650794
0.1727137565612793
0.7987172950416982
15.034722222222225
0.1699988842010498
0.81355346637767
6.520833333333333
0.152174711227417
0.7750597385896743
7.6875
0.15515422821044922
0.8233818637798098
8.098958333333334
0.15247392654418945
0.8242995182302273
12.155934343434343
0.1667156219482422
0.8726470483766334
13.239583333333334
0.1698923110961914
0.8517363772758123
15.611645299145302
0.1720113754272461
0.8225480146441875
11.363636363636363
0.16885876655578613
0.8187485567824909
8.22530864197531
0.17494773864746094
0.7456853823006573
17.390046296296298
0.17038655281066895
0.7362555272969622
17.26388888888889
0.1768324375152588
0.7631637990919978
16.276041666666664
0.1537008285522461
0.7901105063540137
8.237847222222221
0.17930817604064941
0.8263746367426799
10.597993827160492
0.15521979331970215
0.8270735120151138
7.054398148148148
0.1520850658416748
0.8327002554921262
15.195312499999998
0.15173792839050293
0.747701291090509
13.430555555555554
0.17935419082641602
0.7865892363543731
13.981481481481481
0.15896153450012207
0.7843247998125424
9.145833333333332
0.1519463062286377
0.764336708740073
6.018518518518519
0.15587162971496582
0.8026145276203405
13.4765625
0.18520736694335938
0.7716932520260695
13.824404761904763
0.17024517059326172
0.8047509858036174
10.933159722222221
0.18289923667907715
0.8390386665347964
11.458333333333332
0.15708279609680176
0.8537045002713557
19.927083333333332
0.24849629402160645
0.7778453958719393
5.595238095238095
0.17177772521972656
0.7930514240562442
14.745370370370372
0.17197823524475098
0.8120921575134555
11.78075396825397
0.1538224220275879
0.7298608498129262
10.006944444444443
0.15139484405517578
0.7170930708630006
12.34375
0.17083525657653809
0.8197871467921523
10.909722222222225
0.18120241165161133
0.8409170154337171
11.68154761904762
0.16701793670654297
0.799894679436845
9.885912698412698
0.16906070709228516
0.7964640633129859
6.254340277777777
0.15729999542236328
0.7817082062849146
9.664351851851853
0.15799164772033691
0.8244183748578393
11.158459595959597
0.17480731010437012
0.821115998696644
7.901785714285714
0.1593184471130371
0.8048740251150394
6.393229166666666
0.15510320663452148
0.7628380599095119
5.5059523809523805
0.15315866470336914
0.7805431972321266
7.4305555555555545
0.15436291694641113
0.8532553086874862
9.712301587301585
0.1531965732574463
0.8352149902609306
12.852182539682541
0.15334820747375488
0.8185816419667381
15.121527777777779
0.1518549919128418
0.8166362888741188
13.888888888888891
0.17102265357971191
0.8603103559151946
8.443287037037036
0.16842174530029297
0.8644171662767164
14.70920138888889
0.1806626319885254
0.8374993412169197
18.807870370370367
0.15639543533325195
0.8018575986871642
11.963734567901234
0.15644073486328125
0.7989217605494681
10.814043209876543
0.16550731658935547
0.8133036990315503
11.095679012345677
0.1557464599609375
0.8420744700493054
15.520833333333334
0.1556565761566162
0.8072758622074038
18.567708333333332
0.15179443359375
0.8332702623724295
6.565972222222223
0.16149234771728516
0.8636449254596219
9.137731481481483
0.1576700210571289
0.8265187123868338
7.847222222222221
0.1517951488494873
0.7928486323914351
9.506944444444445
0.15228700637817383
0.8484601447589951
11.461805555555555
0.15983104705810547
0.8070438781210509
8.406635802469136
0.15587615966796875
0.7675103758761737
6.763117283950617
0.18437719345092773
0.7779549877058105
8.586309523809524
0.17631077766418457
0.8144662276754704
8.8695987654321
0.15526270866394043
0.8449507176517675
7.212301587301588
0.1717991828918457
0.7672079952457854
11.65674603174603
0.16136622428894043
0.8051729465745646
11.834490740740739
0.17369294166564941
0.819721850488458
9.814814814814815
0.15584707260131836
0.8528584588782518
8.510802469135802
0.16213202476501465
0.7874609656610088
7.083333333333333
0.17530393600463867
0.7636786392978344
15.069444444444445
0.1672060489654541
0.7050740527217871
7.825520833333334
0.1595010757446289
0.7722795009366219
17.71990740740741
0.1535170078277588
0.7942582457109134
16.747685185185183
0.1790626049041748
0.724094061871703
10.565476190476192
0.15206527709960938
0.7844630725679204
9.448784722222221
0.1545419692993164
0.8429916172490451
8.57638888888889
0.17250299453735352
0.7931997546482674
10.863715277777777
0.1596846580505371
0.7770961762869439
10.104166666666668
0.1568293571472168
0.8037360082653703
7.204861111111111
0.1566319465637207
0.8371195343215229
9.286616161616163
0.16852545738220215
0.8325415208877585
15.940972222222223
0.1748199462890625
0.8309252613246979
13.945707070707071
0.15343499183654785
0.8036208701980155
10.773358585858585
0.1651778221130371
0.823010027909211
12.272727272727273
0.15658926963806152
0.8747327302079008
13.418803418803419
0.15146279335021973
0.8403159089709266
11.697530864197532
0.1580204963684082
0.8483181947166786
12.403549382716049
0.15211081504821777
0.7951778091336668
11.684027777777775
0.1528158187866211
0.7793302042812937
9.366319444444446
0.15247344970703125
0.8053564106135879
12.506944444444443
0.1782701015472412
0.8024748928668316
13.26388888888889
0.16662192344665527
0.8715219694204513
14.184027777777779
0.17489409446716309
0.852996081905982
14.310515873015872
0.17799019813537598
0.7996761374382042
15.515046296296296
0.17394113540649414
0.7159163503706361
12.584325396825395
0.15544867515563965
0.7503264951834008
12.003968253968253
0.1541886329650879
0.786138382153937
7.4355158730158735
0.1690080165863037
0.8006575161219126
11.52199074074074
0.17125487327575684
0.8046324382289297
8.015046296296296
0.15530657768249512
0.8175538343416421
11.444444444444445
0.16951847076416016
0.8393204413193774
17.40740740740741
0.1558828353881836
0.835237953560002
12.447916666666664
0.1788473129272461
0.8253293607578926
8.658854166666666
0.16687536239624023
0.8502887661306601
12.631172839506174
0.1738905906677246
0.8226628317117696
10.429292929292929
0.15390706062316895
0.8174176226126193
13.36033950617284
0.15347790718078613
0.7969083470476659
9.465277777777777
0.15207934379577637
0.8016473612032704
6.311728395061729
0.1724076271057129
0.8460906585910503
9.430555555555554
0.15121912956237793
0.805622974092399
5.850694444444445
0.17105340957641602
0.7800793729529557
6.542658730158729
0.16750049591064453
0.7532073383036156
9.756944444444445
0.17532110214233398
0.8165977139661352
12.979166666666668
0.1562175750732422
0.8333480303002425
12.703993055555554
0.15472769737243652
0.8462938854562935
9.355158730158731
0.16043448448181152
0.7392303111753645
7.270833333333334
0.171159029006958
0.7829399824712444
20.065972222222225
0.15505671501159668
0.8342622545112874
11.215277777777779
0.15854096412658691
0.8453055739846876
6.920138888888888
0.15601730346679688
0.7887732235311564
9.820601851851853
0.1535930633544922
0.7802714952345672
7.010030864197531
0.1687297821044922
0.778779911612574
9.958333333333332
0.17574739456176758
0.7888345200430833
11.865530303030305
0.17494893074035645
0.8550344291978573
14.081790123456791
0.15844202041625977
0.8444076234266743
16.24565972222222
0.15337419509887695
0.8321678390404262
13.406635802469134
0.17334866523742676
0.8448915384908807
16.091269841269842
0.1518690586090088
0.7698657473894909
13.085937499999998
0.15653204917907715
0.8151174704115881
12.411265432098766
0.16639018058776855
0.7908343160045431
10.238715277777777
0.1763772964477539
0.8349804332672898
7.986111111111112
0.16847658157348633
0.7967187699155663
18.605324074074076
0.17513442039489746
0.8002483844657758
15.833333333333332
0.15639925003051758
0.8246527849812014
16.7906746031746
0.16880583763122559
0.769845096580729
13.65972222222222
0.15285491943359375
0.7437278182891828
12.617187499999998
0.15202760696411133
0.7132697881689801
13.491512345679014
0.15305185317993164
0.8031472807092004
10.468749999999998
0.1589183807373047
0.8086941831523877
10.046296296296296
0.16079282760620117
0.840413843768174
9.166666666666666
0.15656805038452148
0.8337119463111498
15.895833333333332
0.15641212463378906
0.8425669862853791
11.472222222222223
0.1554720401763916
0.828414278974292
17.920524691358025
0.1527235507965088
0.8318025012540711
11.23263888888889
0.15516161918640137
0.7989106953077543
9.875992063492063
0.15913820266723633
0.829058250938208
10.46875
0.1714332103729248
0.8012444140840977
9.402006172839506
0.15584063529968262
0.8159866719131992
10.123456790123457
0.17390894889831543
0.7907302535372316
10.168650793650794
0.15903520584106445
0.7418070710655246
9.066840277777777
0.167741060256958
0.8208299054142681
11.545138888888891
0.16114521026611328
0.8434502031549503
13.518518518518523
0.15336132049560547
0.8576147008872314
10.18287037037037
0.15200567245483398
0.8857651088689688
10.293209876543209
0.15628623962402344
0.8251003537437441
7.613636363636362
0.15115880966186523
0.8515374156880934
17.222222222222218
0.16178011894226074
0.8518193735450055
10.575396825396824
0.15161800384521484
0.8207724461981427
10.933159722222223
0.1554093360900879
0.7670210853998144
9.20138888888889
0.1525883674621582
0.7703222325968183
10.024801587301587
0.16639232635498047
0.8689766372250393
10.75441919191919
0.15122175216674805
0.8743440462638098
9.340277777777777
0.15501165390014648
0.8714905104901779
12.544642857142858
0.15185928344726562
0.8106258766743731
13.84424603174603
0.1652982234954834
0.8446211316579537
16.577380952380953
0.15372705459594727
0.7750009365712545
12.808159722222223
0.1547238826751709
0.7473582865648122
11.666666666666664
0.17767977714538574
0.8375268430686389
11.315972222222221
0.1555030345916748
0.8833024763133123
11.493055555555557
0.16164541244506836
0.8957080256344961
9.765625
0.17635393142700195
0.8530538881932073
7.275883838383837
0.1724085807800293
0.8544472356847519
8.791666666666666
0.15162014961242676
0.8896471496610067
9.949845679012345
0.1541581153869629
0.8764918960461062
7.037037037037037
0.15437054634094238
0.7981351550886783
8.666666666666666
0.1646573543548584
0.806174850377749
17.009548611111114
0.1539309024810791
0.8203604884944213
12.743055555555555
0.1531815528869629
0.776866121916919
14.057539682539684
0.15373969078063965
0.756344707590734
13.946759259259258
0.16721081733703613
0.7238103954372807
20.32021604938272
0.15526485443115234
0.7997348719940843
21.57986111111111
0.1520671844482422
0.7799965708263491
12.481060606060606
0.15783262252807617
0.8459515193736398
12.20486111111111
0.15374755859375
0.8301133044711098
13.03240740740741
0.1710193157196045
0.8760315266223654
11.799242424242424
0.15355753898620605
0.8388556565872042
13.308080808080808
0.16273093223571777
0.8036779806090706
13.689236111111112
0.20633697509765625
0.8203803029352142
9.460227272727273
0.15735268592834473
0.8010197496932131
8.052884615384615
0.1548600196838379
0.8148954032794153
10.445601851851853
0.17510104179382324
0.8094194941725485
8.280092592592593
0.15369296073913574
0.8525823263924613
9.131944444444445
0.176192045211792
0.8221264403006691
12.185329861111109
0.16177916526794434
0.8009260698332505
12.20293209876543
0.15691304206848145
0.7608905479729667
9.201388888888888
0.1553349494934082
0.7848894716805699
8.441840277777777
0.15520191192626953
0.8105666982603947
13.7109375
0.15373468399047852
0.8139658404012504
10.230034722222221
0.1727769374847412
0.791766203072264
7.372685185185186
0.15320634841918945
0.8150020028484125
12.407407407407407
0.15516948699951172
0.8287684456569904
6.57986111111111
0.1524195671081543
0.8139353998176712
15.532407407407407
0.15475726127624512
0.8128306594103697
4.635416666666667
0.17391729354858398
0.673695937819376
17.354166666666668
0.15242433547973633
0.7479920698991164
7.8125
0.16385102272033691
0.698592117845864
21.050347222222218
0.15547990798950195
0.7452798208901394
22.824074074074076
0.19855022430419922
0.7781482687287338
9.498456790123456
0.15365242958068848
0.7886707004906147
9.927662037037036
0.15370512008666992
0.806302749299533
12.218364197530866
0.1536860466003418
0.8800892877968437
16.177083333333336
0.1537172794342041
0.8612622436562055
10.82638888888889
0.15683865547180176
0.884030693262117
14.697916666666668
0.17592787742614746
0.8358756682083397
10.881944444444445
0.1552724838256836
0.8188179024678347
10.79861111111111
0.1526334285736084
0.7823426793360163
9.017094017094017
0.15225005149841309
0.800300511895535
13.134920634920633
0.15424108505249023
0.7861452972554134
13.71875
0.15435171127319336
0.7658068209129524
8.869598765432096
0.15215063095092773
0.7263193673027821
5.979938271604938
0.1605057716369629
0.8112908741382936
7.287808641975308
0.15719866752624512
0.8045330765860161
8.524305555555554
0.17663240432739258
0.7832831879158159
7.906746031746032
0.1782979965209961
0.7947356202612229
5.119598765432098
0.1523756980895996
0.728695001648161
8.082561728395062
0.1536259651184082
0.7686641207623611
9.63425925925926
0.1532430648803711
0.7822660988788532
9.926697530864196
0.15385127067565918
0.794976462743844
9.666666666666666
0.15288949012756348
0.8484218479456892
8.693181818181818
0.15234065055847168
0.8492437843773254
9.114583333333332
0.17163729667663574
0.7712316481184837
8.341049382716049
0.17275452613830566
0.7789840092515647
11.610243055555555
0.15353822708129883
0.7794363476071308
16.42361111111111
0.15285754203796387
0.7845937811947749
13.4375
0.15186023712158203
0.817897878810414
15.842803030303033
0.1536731719970703
0.7545408202007138
9.946338383838384
0.15325307846069336
0.7867706533464536
10.896464646464647
0.15646052360534668
0.8239268698121861
8.389423076923077
0.1539909839630127
0.7996445827596385
8.301091269841269
0.17086076736450195
0.8416021282442624
8.864583333333332
0.15598464012145996
0.8283426067348976
6.982638888888888
0.15390563011169434
0.7760902258935777
9.019764957264957
0.15343165397644043
0.7935330614972348
11.70770202020202
0.15276432037353516
0.7674079238409113
13.702651515151514
0.15442347526550293
0.7394171780625077
10.782828282828282
0.1532130241394043
0.7975580095819222
9.52777777777778
0.15251660346984863
0.7873860219004433
8.105158730158731
0.15404558181762695
0.7717140398671357
7.447916666666666
0.15206456184387207
0.8223368068129767
10.113636363636363
0.1536092758178711
0.8441031931683525
8.840277777777777
0.15476608276367188
0.7920856210436739
9.506172839506172
0.15238618850708008
0.7402464962092166
10.510912698412698
0.15391755104064941
0.7120807154486379
5.421626984126983
0.15588045120239258
0.7238936150305627
7.465277777777778
0.17178058624267578
0.7852387599573913
8.739583333333332
0.15446186065673828
0.7707146003226318
11.338734567901234
0.15274572372436523
0.8636727502052971
10.163194444444445
0.15266656875610352
0.796620575523417
9.558080808080806
0.15342450141906738
0.8227840913512355
6.712962962962962
0.1730034351348877
0.7868313199505911
8.444444444444443
0.1554110050201416
0.7058454289338848
6.310763888888888
0.1547098159790039
0.7226447372993864
5.721450617283951
0.1567838191986084
0.6554371527160221
5.7407407407407405
0.15694713592529297
0.6991947634653033
5.512152777777778
0.15472412109375
0.7042063032703949
11.334876543209877
0.17312955856323242
0.7286385706634992
18.29513888888889
0.17374944686889648
0.7228681154788009
11.430555555555554
0.15428757667541504
0.7800863977961843
9.310515873015873
0.15382146835327148
0.7368744064382203
8.179012345679013
0.15182280540466309
0.773393965775224
10.069444444444445
0.1525888442993164
0.8477307061271776
6.847222222222221
0.17407917976379395
0.8272341624173021
5.994318181818182
0.1544034481048584
0.768343886731011
10.302579365079366
0.15247893333435059
0.7949181497437731
5.270833333333334
0.172410249710083
0.7520910835491882
7.777777777777778
0.1551499366760254
0.7450603446061301
9.691840277777779
0.15225720405578613
0.8064322902519498
12.704475308641978
0.15307879447937012
0.8100755997244131
14.401041666666668
0.1736299991607666
0.7913519531514888
15.53385416666667
0.1606922149658203
0.7688729959241739
20.520833333333332
0.15337157249450684
0.8209985789160364
7.906746031746032
0.16389179229736328
0.8369889867942114
8.559027777777777
0.1561131477355957
0.8075629227657626
9.20138888888889
0.15328145027160645
0.8163076944204123
8.869598765432098
0.1568906307220459
0.7814746552040444
6.412037037037037
0.15294814109802246
0.7764082482864316
9.220679012345679
0.15586209297180176
0.7753787998099833
10.758101851851853
0.17409634590148926
0.7281184762414834
13.580246913580247
0.16179513931274414
0.771026183031463
10.19675925925926
0.15287446975708008
0.7999069637602266
7.5
0.1521775722503662
0.7761253431176283
16.653645833333336
0.1530604362487793
0.7798549115399528
16.496212121212125
0.15494680404663086
0.8444819031373052
17.010416666666664
0.15582919120788574
0.7781312504888819
14.82060185185185
0.15534567832946777
0.8041237452560224
14.163194444444443
0.1684250831604004
0.8140232934481677
9.105902777777777
0.16310501098632812
0.8293827365865583
8.371527777777779
0.1695549488067627
0.7795501781995757
7.367424242424244
0.17892909049987793
0.7852325727232368
5.482253086419753
0.17195343971252441
0.7999181835678064
12.131076388888888
0.14682674407958984
0.7637536072182107
11.131365740740742
0.15420937538146973
0.7813592957170706
8.554292929292929
0.15326166152954102
0.8075950350138326
11.57986111111111
0.1526808738708496
0.7899569170083904
14.876543209876543
0.1527402400970459
0.8026525067845527
11.255787037037038
0.15273642539978027
0.8127720886396592
9.732142857142858
0.1546032428741455
0.7753281813793206
17.94560185185185
0.17489218711853027
0.8008170993219685
7.864583333333333
0.16663241386413574
0.7505449248956373
11.440972222222223
0.1570606231689453
0.7765079576529448
11.956018518518519
0.15106534957885742
0.7661368950140987
8.72790404040404
0.173201322555542
0.7827589847868488
8.73263888888889
0.15195965766906738
0.7228671635742444
10.909722222222223
0.1557924747467041
0.7412038308826235
5.97608024691358
0.16544437408447266
0.7692425691529826
7.797067901234568
0.16674089431762695
0.7564320883271939
11.141975308641976
0.17471575736999512
0.818201700535292
7.625868055555556
0.15355658531188965
0.8068553751083638
9.594907407407407
0.1520977020263672
0.7871455077488486
10.791666666666666
0.15275049209594727
0.7916928052465695
15.283564814814815
0.1519777774810791
0.7397801005354034
9.843749999999998
0.15327024459838867
0.7685841753073525
7.158564814814814
0.15316200256347656
0.770421858115666
7.630208333333333
0.16704344749450684
0.7800057485297918
7.132936507936507
0.16932463645935059
0.775264616760548
9.145833333333332
0.1676015853881836
0.7821217683949976
7.36111111111111
0.1725473403930664
0.7363717063712425
6.185515873015873
0.15209460258483887
0.7492267533199054
5.732060185185186
0.15744471549987793
0.7296842217316277
11.944444444444445
0.15360283851623535
0.764862278880008
11.675347222222223
0.1565248966217041
0.758271336459858
6.846590909090909
0.15301108360290527
0.841477495557861
9.614583333333332
0.1544191837310791
0.7659621196709746
9.169337606837608
0.17121553421020508
0.7325715673314586
7.732638888888888
0.17087626457214355
0.6873526303268627
9.224537037037038
0.15194153785705566
0.7098701015693418
5.659722222222221
0.1547691822052002
0.7673700780001553
10.331790123456791
0.15334725379943848
0.7559044704537473
10.88888888888889
0.15526962280273438
0.7287328794757141
11.851851851851853
0.15460562705993652
0.7407717007999949
11.226851851851853
0.15307235717773438
0.737644779463002
7.313368055555555
0.16987133026123047
0.7488051614619344
12.465277777777777
0.15616846084594727
0.7150870484177233
5.881944444444445
0.1500082015991211
0.7364397177609929
5.817901234567902
0.1555016040802002
0.8417327665835593
12.07264957264957
0.15617918968200684
0.7656303345235055
13.70138888888889
0.16170287132263184
0.7470569751103807
6.796875
0.15514373779296875
0.697323184078451
8.030753968253968
0.15467119216918945
0.6952303410144126
9.633487654320989
0.16016125679016113
0.7832606883321226
10.700231481481481
0.1540050506591797
0.7754015400100125
9.179292929292927
0.15195751190185547
0.717822980964509
6.638888888888888
0.15498900413513184
0.7344006062877491
10.669191919191919
0.16213297843933105
0.7267019052718684
11.870039682539682
0.16704773902893066
0.7863426365024867
14.16232638888889
0.15408992767333984
0.7651733813086984
7.690972222222221
0.15313410758972168
0.6961206073086879
8.844246031746033
0.17654657363891602
0.7377232160270459
5.580357142857143
0.15506505966186523
0.7870829009902971
4.469246031746032
0.1539463996887207
0.7202875421744732
4.027777777777778
0.15343666076660156
0.7696323473940763
8.75
0.16206669807434082
0.7490699843997626
9.363425925925926
0.153778076171875
0.7448063098372266
9.253472222222221
0.15244197845458984
0.7112747730201291
8.149801587301587
0.16281342506408691
0.6722458127775198
9.401041666666666
0.17032909393310547
0.6904889911444579
12.018849206349207
0.17306756973266602
0.8031270682502442
12.083333333333334
0.16721796989440918
0.7610894667061651
14.956597222222221
0.16397476196289062
0.8210162925438067
13.420138888888891
0.17583274841308594
0.7961809296355078
10.049603174603176
0.15742039680480957
0.770818955642616
6.620370370370369
0.1539769172668457
0.7458735740015895
5.694444444444444
0.1552894115447998
0.8033032402614347
8.80787037037037
0.17167949676513672
0.7114634405888778
6.724537037037037
0.1537158489227295
0.7031800837077395
5.931712962962963
0.15444016456604004
0.6794408609141244
5.685763888888889
0.16813421249389648
0.6481228410541912
5.405092592592593
0.1734306812286377
0.7029979449033604
13.935185185185185
0.15496349334716797
0.7104430133325687
6.909722222222221
0.1760714054107666
0.7743346047404018
2.2743055555555554
0.15360546112060547
0.7441671720540913
10.972222222222223
0.15205621719360352
0.7003932993481434
8.993055555555555
0.1524045467376709
0.7543319417732212
8.10763888888889
0.17521381378173828
0.7552569598391691
5.208333333333334
0.1553325653076172
0.851584058411274
12.208333333333332
0.15663361549377441
0.7989171487818132
14.365079365079366
0.17122721672058105
0.8215639912946561
12.916666666666666
0.15528059005737305
0.671029853971194
8.478009259259261
0.15425753593444824
0.6198701970352616
14.140625000000002
0.17442679405212402
0.6165317830881419
9.055555555555555
0.1534867286682129
0.8247529199676029
14.325396825396826
0.15415573120117188
0.8343599479908014
10.23148148148148
0.15117383003234863
0.7801540762645793
11.861979166666666
0.15396738052368164
0.7871675759616259
9.305555555555555
0.1544187068939209
0.7993447378135036
22.291666666666664
0.16233444213867188
0.7896363888392874
19.851190476190478
0.15087413787841797
0.7077408641058108
13.9375
0.15256953239440918
0.663420442886053
10.38966049382716
0.1546945571899414
0.7587907725114228
8.14670138888889
0.15477561950683594
0.7556462481029587
9.22032828282828
0.1525113582611084
0.7232435859123464
8.22048611111111
0.15354371070861816
0.7735045022853096
10.17361111111111
0.1523587703704834
0.7591713453467255
13.624131944444445
0.1715378761291504
0.8480476627782975
11.935763888888888
0.16881942749023438
0.9111023386892072
12.36545138888889
0.15627408027648926
0.8714299480381481
7.387152777777777
0.17479634284973145
0.7573056948087236
31.678240740740744
0.17285704612731934
0.7391846103896855
15.45138888888889
0.15279102325439453
0.6864016827635754
10.208333333333334
0.15652775764465332
0.7488883036617587
8.020833333333334
0.15292906761169434
0.7557383873150666
10.909722222222223
0.1555800437927246
0.7252285237048263
14.612268518518519
0.17186522483825684
0.7560020238002051
8.467261904761905
0.16758227348327637
0.7133436342490682
9.641203703703704
0.1689293384552002
0.7275317490893433
8.582175925925926
0.15425968170166016
0.754862865346227
10.403645833333334
0.17485308647155762
0.7351649137314799
8.407738095238095
0.15790748596191406
0.7252517762747782
15.542534722222221
0.15513944625854492
0.8311610283138183
11.830357142857142
0.1663963794708252
0.782061717419893
7.129629629629629
0.15671110153198242
0.807416136336233
6.244212962962962
0.172227144241333
0.7512507723744611
5.458333333333334
0.15336060523986816
0.6943180057575955
8.8640873015873
0.15610432624816895
0.7510283339339201
16.44965277777778
0.1540229320526123
0.7697090398118382
9.270833333333334
0.1530613899230957
0.8069899749611856
12.216435185185185
0.1536259651184082
0.8154886082307891
9.756944444444445
0.15227389335632324
0.8121627139583795
11.346450617283951
0.15799307823181152
0.8595554896976848
10.270833333333334
0.15613389015197754
0.8287198333166318
6.15162037037037
0.1578817367553711
0.7405565613611589
8.637152777777777
0.16731023788452148
0.7657506237115661
7.282986111111111
0.17608904838562012
0.7571354120686713
9.430555555555555
0.1549673080444336
0.8310147174756818
11.67824074074074
0.15417122840881348
0.8187435746309443
4.641203703703704
0.15419650077819824
0.7505327730400033
6.254960317460317
0.15258455276489258
0.7786303860965522
5.190972222222222
0.1564950942993164
0.7340165433988521
4.505208333333334
0.1757361888885498
0.7604193264050848
3.4606481481481484
0.16853928565979004
0.6736599944019138
10.46875
0.1546635627746582
0.7313841705489288
9.265046296296296
0.1655902862548828
0.800241127202484
10.477430555555555
0.15233373641967773
0.7866392828353013
8.880208333333332
0.1643683910369873
0.7903066314528447
6.498015873015873
0.15564775466918945
0.7978048657871871
15.208333333333336
0.15404891967773438
0.7999330512643207
14.005681818181818
0.15388894081115723
0.8419841261907828
13.849826388888888
0.15543103218078613
0.85474283751678
16.126543209876544
0.1553630828857422
0.8363002601171733
7.395833333333334
0.15345144271850586
0.8467663689236452
6.050347222222222
0.17721319198608398
0.7895359793185882
7.097222222222221
0.1530625820159912
0.7181801717225057
11.267361111111112
0.17140793800354004
0.6953535807663214
9.207175925925926
0.1524486541748047
0.6996390061490401
6.819444444444445
0.1516733169555664
0.8106368539243304
12.094907407407407
0.15520620346069336
0.7628701494137677
7.2743055555555545
0.15166974067687988
0.7170493392467142
12.2265625
0.16779303550720215
0.7512437739264117
13.445216049382717
0.1568892002105713
0.8280317682828444
14.538194444444443
0.15467596054077148
0.7535345748172271
13.958333333333336
0.1518115997314453
0.8211679494798879
8.513257575757574
0.15237140655517578
0.7856377003039392
9.422348484848484
0.15183281898498535
0.8271742674982091
8.871527777777777
0.16624689102172852
0.8158129451020035
15.011574074074074
0.16647577285766602
0.7920270133606014
9.750631313131315
0.1530606746673584
0.7999593186212784
9.290674603174605
0.16903448104858398
0.8176004056150042
7.4618055555555545
0.16521382331848145
0.8321557241431962
11.9140625
0.16952013969421387
0.7981758087884646
8.909722222222225
0.16370129585266113
0.8565864175544761
8.402777777777779
0.16695523262023926
0.8754896605841628
6.09375
0.15298676490783691
0.836446214047334
5.342881944444445
0.15273141860961914
0.6816136280593408
6.013888888888889
0.15455245971679688
0.648049555241775
11.967592592592593
0.16608357429504395
0.7424682302723282
13.075396825396824
0.16426301002502441
0.7863396997871408
10.267857142857142
0.15982651710510254
0.8038359868681118
18.33912037037037
0.1514139175415039
0.7655980636129891
15.092592592592593
0.17896580696105957
0.8032042510490788
16.815476190476193
0.15400409698486328
0.8369635745064277
11.145833333333332
0.16352152824401855
0.8488125611668021
16.02777777777778
0.17649388313293457
0.8858180069285544
8.4765625
0.15656089782714844
0.8301171175056216
7.384259259259259
0.15563535690307617
0.778221916832598
9.090277777777777
0.15434837341308594
0.789861591868315
6.944444444444444
0.15256714820861816
0.8438881393222
9.52876984126984
0.153397798538208
0.7791433942641766
9.54861111111111
0.16198253631591797
0.7986634951036141
8.69212962962963
0.15598201751708984
0.7381671718359025
12.870370370370372
0.1540539264678955
0.7756647706841205
12.604166666666666
0.1515655517578125
0.8052287287344859
8.12114197530864
0.15242671966552734
0.803863933092488
7.468171296296298
0.16187500953674316
0.8139589972967046
10.013888888888891
0.1548011302947998
0.7962997381653413
16.073232323232325
0.1533811092376709
0.7522409648786905
6.736111111111112
0.15581893920898438
0.7170047835158005
9.072420634920634
0.15205621719360352
0.7483683377825076
11.280381944444446
0.15494775772094727
0.8235803728562165
8.433159722222223
0.16430306434631348
0.8706857875022188
11.085858585858587
0.17068099975585938
0.8492427792513929
8.049242424242424
0.15361309051513672
0.8098613367707913
8.666087962962964
0.15586328506469727
0.7959573540394723
8.593749999999998
0.15480995178222656
0.8182061947983569
11.338734567901234
0.15677785873413086
0.838877339117294
15.472222222222225
0.1537799835205078
0.8235164351364026
11.332799145299145
0.16433167457580566
0.7776701621863252
11.524305555555554
0.15929222106933594
0.7847875204475689
8.715277777777779
0.1544032096862793
0.7846232308957924
9.413194444444443
0.15538573265075684
0.8171457120678732
7.421085858585858
0.1547682285308838
0.8107788804803712
9.07986111111111
0.15277910232543945
0.8195800323027747
12.446338383838384
0.15559124946594238
0.7759991367886107
9.128086419753085
0.15451288223266602
0.7812108251841134
5.9413580246913575
0.15224266052246094
0.7928375994407458
7.65625
0.15420126914978027
0.7929313964080545
10.307539682539684
0.15545105934143066
0.8120253251761331
13.229166666666668
0.15267729759216309
0.7997517339355308
17.017045454545453
0.15947270393371582
0.7658906155075708
10.916666666666668
0.15701651573181152
0.7117147179112828
12.488425925925926
0.15587139129638672
0.7439838712301482
10.333333333333332
0.15579676628112793
0.8436195070430387
9.564043209876544
0.16301774978637695
0.8795262949961661
9.016203703703702
0.1538233757019043
0.8757782660368051
9.726080246913579
0.15714120864868164
0.881046688196144
9.600694444444445
0.1567847728729248
0.8324858581548635
9.274305555555555
0.15565705299377441
0.7534934620394773
11.095679012345677
0.17313838005065918
0.7986760358641914
8.151041666666666
0.15407371520996094
0.7805567383237116
5.909722222222222
0.15349268913269043
0.7624534827931971
9.27951388888889
0.15356707572937012
0.788533454380526
8.36111111111111
0.15242743492126465
0.8122976783512262
9.128472222222223
0.15348386764526367
0.7786243863217218
7.861111111111112
0.15644025802612305
0.8224010440566604
9.279513888888888
0.1752324104309082
0.8072416316278457
9.244791666666666
0.15353012084960938
0.7444769905939695
8.356481481481481
0.15367794036865234
0.7571402180606807
14.867424242424244
0.15402817726135254
0.7470113486760478
8.013888888888891
0.17554092407226562
0.8130188788719436
11.313131313131313
0.16366291046142578
0.8112929884048791
6.909722222222223
0.15557456016540527
0.7685439856585888
8.780864197530864
0.15610837936401367
0.7264034504436575
8.046085858585858
0.1603233814239502
0.7507319799987505
8.57253086419753
0.15456414222717285
0.758251877084076
7.434027777777779
0.154710054397583
0.7979751425700345
8.958333333333334
0.1535937786102295
0.8155717746120221
10.477430555555557
0.1539623737335205
0.7954067491212486
7.789351851851852
0.15405654907226562
0.7026229784008601
11.336805555555555
0.15547919273376465
0.7762958261125888
7.326388888888888
0.15647530555725098
0.7647354840933762
5.79861111111111
0.15677642822265625
0.8082926716736302
7.469618055555555
0.15488839149475098
0.7917529803752714
10.104166666666668
0.16929388046264648
0.7343949726324267
9.444444444444446
0.15367960929870605
0.8339167909041277
7.916666666666667
0.15420031547546387
0.8278869946123045
10.746527777777777
0.16983604431152344
0.8701674820998857
11.272321428571429
0.15826010704040527
0.8233843142178839
11.825396825396826
0.15283966064453125
0.784698399070117
12.996527777777777
0.15496492385864258
0.7527010521740412
10.084325396825395
0.16311073303222656
0.7725192515399096
16.09809027777778
0.15716147422790527
0.7413520448965482
10.71969696969697
0.15526795387268066
0.7434775723037209
8.361742424242424
0.15904617309570312
0.7803208873909081
8.339120370370368
0.1535482406616211
0.7792131774462717
7.723524305555555
0.15468811988830566
0.7521950239927163
4.615162037037037
0.15237164497375488
0.7817076965769907
8.430059523809524
0.1647796630859375
0.7184387322421436
9.326923076923077
0.15395522117614746
0.7650497823861111
8.813657407407407
0.15166258811950684
0.7510647025611253
6.819444444444445
0.15302276611328125
0.7540034817834321
6.291035353535353
0.14897656440734863
0.808436446838968
6.107253086419754
0.15479683876037598
0.8013432855996175
6.990740740740741
0.15302395820617676
0.7572842360190791
7.157738095238096
0.15262389183044434
0.7666787840676312
8.621031746031747
0.15907907485961914
0.737998360846658
9.52876984126984
0.1649613380432129
0.7664848752323784
6.967592592592592
0.1642296314239502
0.806224388707863
9.131944444444446
0.15267133712768555
0.7924021932294227
8.834876543209875
0.15209197998046875
0.7685427349997798
11.309523809523808
0.16393756866455078
0.6951564337964965
8.997395833333334
0.15434837341308594
0.7388244259898116
10.339506172839506
0.15711331367492676
0.7569031679944994
7.01003086419753
0.1710655689239502
0.7540102964408125
4.991319444444445
0.15370464324951172
0.7471885984167946
6.649305555555556
0.18107080459594727
0.7173786810658005
6.759259259259259
0.15575599670410156
0.7578711173932724
5.798611111111111
0.1733417510986328
0.7832879546050536
5.594135802469135
0.15737342834472656
0.8019461003331991
9.369212962962964
0.15387821197509766
0.8263849184401555
5.364583333333333
0.1539475917816162
0.7742029806610221
13.095238095238093
0.1667637825012207
0.7990678193127813
18.72685185185185
0.1583104133605957
0.7479286987722011
16.0546875
0.17228126525878906
0.765183823989905
10.468750000000002
0.1540699005126953
0.8237144887405798
10.13392857142857
0.16695141792297363
0.8173008947200417
7.9229797979797985
0.17974019050598145
0.7936284649829541
6.473214285714286
0.15487289428710938
0.8430543058152167
8.503086419753085
0.17252755165100098
0.8055489320848642
10.520833333333336
0.15504217147827148
0.7566633895305649
10.394570707070706
0.1681969165802002
0.8273740879778032
9.51388888888889
0.17722749710083008
0.7638640094050501
10.419560185185185
0.1533493995666504
0.7713078655138069
8.368055555555555
0.15425896644592285
0.7753024712146953
9.907407407407407
0.15672707557678223
0.694646585061033
7.651909722222221
0.15493321418762207
0.7327351933941351
8.396464646464645
0.1528301239013672
0.7676299220643492
13.145833333333332
0.16098523139953613
0.7882739743932453
7.9861111111111125
0.1603250503540039
0.7278818717263563
8.020833333333334
0.15497565269470215
0.8003443746305796
9.440104166666668
0.15566492080688477
0.799309346725991
10.01736111111111
0.15577411651611328
0.7823490811629118
3.9340277777777786
0.15267634391784668
0.7598122129846167
10.011574074074074
0.15494751930236816
0.7600289706439057
10.962752525252528
0.1528027057647705
0.779100091904321
6.547067901234567
0.17511630058288574
0.7693003493323967
9.305555555555554
0.1613619327545166
0.7342005892095452
6.1805555555555545
0.15327692031860352
0.7434002678776156
8.442460317460316
0.15450143814086914
0.7591119964716372
9.428661616161618
0.16208267211914062
0.7717857291299864
4.908854166666666
0.15369892120361328
0.7180623738161728
8.263888888888888
0.1537182331085205
0.8031304702991512
5.091145833333334
0.15553998947143555
0.6966663342786579
13.229166666666666
0.15316462516784668
0.7026099242650585
17.02777777777778
0.1540060043334961
0.7536782082005445
9.756944444444443
0.15299582481384277
0.8053686608990422
15.361111111111109
0.15935444831848145
0.8518824756429617
19.118923611111114
0.16492033004760742
0.8012098966078429
11.57738095238095
0.15577173233032227
0.6726081272882626
14.84375
0.15247344970703125
0.615653488699815
9.226190476190478
0.15528202056884766
0.6434517032619499
6.225198412698412
0.16765284538269043
0.715259710277538
8.4375
0.15624046325683594
0.6970323663447603
10.614583333333334
0.1770162582397461
0.6795405028688608
9.965277777777779
0.15748167037963867
0.8022184775813109
10.0
0.15326356887817383
0.8120550752913346
9.484953703703704
0.15275096893310547
0.7600124625448905
7.932870370370371
0.15298700332641602
0.8004238022873694
9.673032407407407
0.18117332458496094
0.7830579449981931
12.120949074074074
0.1567380428314209
0.7539614920459017
7.625868055555555
0.15764904022216797
0.7429538287683126
6.354166666666666
0.15540242195129395
0.7895392513303316
9.960937499999998
0.16122674942016602
0.7155279604126813
14.452160493827162
0.16924357414245605
0.711294816235989
6.2720959595959584
0.1525287628173828
0.7997907517768308
8.072916666666666
0.15418195724487305
0.7691871768451539
6.296296296296296
0.14789962768554688
0.7871125008491191
7.80324074074074
0.1534726619720459
0.8262783398982574
7.356770833333333
0.1733837127685547
0.7887841572766648
9.386574074074073
0.15286874771118164
0.7547217728426198
6.543560606060608
0.1679224967956543
0.7939421164007147
8.640046296296296
0.1531074047088623
0.7774756398043936
9.418402777777779
0.15433573722839355
0.7426916071012968
11.183449074074074
0.17250275611877441
0.7785505683996111
10.327932098765432
0.15488719940185547
0.8531934130198754
16.71527777777778
0.15401983261108398
0.8311170321805706
12.371794871794872
0.1523597240447998
0.7853059512706079
8.3234126984127
0.155503511428833
0.7779621317494922
8.128472222222221
0.15263795852661133
0.7355408731258063
7.509469696969697
0.1540389060974121
0.7482595605548311
5.777777777777778
0.15292048454284668
0.7685830350931243
8.211805555555555
0.15248656272888184
0.7857879415481388
10.179924242424242
0.15819048881530762
0.789054074967286
8.923611111111112
0.15475010871887207
0.7698960937327843
10.224116161616163
0.15674400329589844
0.737120744446993
10.164930555555555
0.15494441986083984
0.8137645618453015
9.155982905982906
0.1536252498626709
0.8129391329498937
8.467592592592592
0.15004849433898926
0.766905185611993
9.333333333333334
0.1533212661743164
0.7608155495719907
9.089209401709404
0.15290617942810059
0.7765012959529954
13.020833333333334
0.16321134567260742
0.7673031667605169
11.629464285714286
0.1559138298034668
0.7724707189756976
9.38034188034188
0.17074131965637207
0.7556893188245248
8.981481481481481
0.15567612648010254
0.792653125156839
6.0890151515151505
0.15437054634094238
0.7828345751546688
12.133487654320987
0.1550734043121338
0.7942661580535428
10.23533950617284
0.15322399139404297
0.822965070864899
8.6489898989899
0.15537309646606445
0.784291590792739
8.234953703703702
0.15348601341247559
0.8101029871767211
6.388888888888888
0.15333223342895508
0.804540607399863
6.902777777777777
0.15945219993591309
0.7855646217886044
10.270337301587302
0.15495586395263672
0.7970263565061984
13.920454545454549
0.15528392791748047
0.7874984198641635
7.831196581196581
0.16503691673278809
0.8031615632654198
9.842414529914532
0.15336894989013672
0.781416486687934
12.077546296296298
0.17698431015014648
0.8176782444100871
8.603670634920634
0.15592384338378906
0.862415560141457
13.602430555555557
0.1563560962677002
0.8943133370861227
11.322337962962964
0.154188871383667
0.7756363653577278
6.631944444444444
0.16370201110839844
0.7239309537704813
10.307539682539684
0.15159344673156738
0.8159994029204717
5.848214285714286
0.16148614883422852
0.6821078773045784
5.163690476190476
0.15261435508728027
0.7124462140891644
8.763020833333334
0.15357446670532227
0.8104677340370725
9.539930555555557
0.15294337272644043
0.8163092704110603
6.500771604938271
0.1556093692779541
0.8000407401789266
9.567901234567902
0.15535902976989746
0.7588075220974457
9.680555555555555
0.15582656860351562
0.772463205813225
8.501157407407407
0.15307092666625977
0.7247564427599564
6.465277777777777
0.15754342079162598
0.7897769965422528
9.333333333333332
0.1558544635772705
0.8147128471834738
14.649621212121211
0.15512394905090332
0.7440229807483839
12.803030303030305
0.1535172462463379
0.7272352797310453
11.270254629629628
0.1684131622314453
0.7254807187851486
9.841820987654321
0.16129398345947266
0.7676573528154351
11.063368055555555
0.15602731704711914
0.8408611112770286
10.388257575757576
0.1543726921081543
0.8307909097015324
9.114583333333334
0.1575005054473877
0.8389944774453663
6.863425925925926
0.15179133415222168
0.8511633487008299
9.166666666666668
0.15099382400512695
0.8929883785516407
18.84920634920635
0.15116143226623535
0.8380971306878361
11.10479797979798
0.153900146484375
0.849658267113948
12.02876984126984
0.15353798866271973
0.8262895208094777
11.028645833333334
0.1575326919555664
0.832222473779945
9.5625
0.1706390380859375
0.9506657592555762
7.041666666666666
0.17177581787109375
0.8770562245473472
7.277777777777777
0.15286660194396973
0.8330053304607082
11.267361111111112
0.1525416374206543
0.8131954750129211
9.432870370370368
0.15237665176391602
0.8906600512051287
9.780092592592593
0.1515812873840332
0.8272104683727076
11.17361111111111
0.15713071823120117
0.8431160262712996
10.758101851851853
0.1531238555908203
0.825258924684509
11.763117283950617
0.15284085273742676
0.8490256125555009
8.052083333333334
0.15203213691711426
0.8218186706939635
7.893518518518518
0.15169191360473633
0.8449331096868355
12.54243827160494
0.1519005298614502
0.8255784524085832
10.59722222222222
0.16515541076660156
0.7544349611902541
9.981060606060606
0.17267656326293945
0.762227597471442
7.6649305555555545
0.15297174453735352
0.7935905661748044
9.458333333333332
0.15598511695861816
0.8206054984523418
11.235532407407407
0.15459823608398438
0.8035193270353337
7.693452380952381
0.15363025665283203
0.7596461310340915
9.737103174603176
0.15360403060913086
0.7628959633803508
10.416666666666668
0.1752185821533203
0.7899569429639588
12.878787878787877
0.16962146759033203
0.8339091371073057
9.51099537037037
0.16262149810791016
0.7794384900301713
7.254273504273503
0.1544017791748047
0.8266459267618641
7.246527777777777
0.16888880729675293
0.8053267159359696
10.368589743589743
0.17379426956176758
0.8034046138341427
7.266414141414142
0.15291380882263184
0.7451849436947842
10.505050505050503
0.15022611618041992
0.7640272777385635
9.06881313131313
0.1539289951324463
0.8359114907139307
7.406517094017094
0.1524639129638672
0.781690259871345
8.344017094017094
0.15244293212890625
0.8151902739829787
7.619357638888889
0.16601228713989258
0.7932432955841277
12.868589743589743
0.15909147262573242
0.7947533507979422
7.682291666666666
0.1571216583251953
0.7473904985607089
9.618055555555555
0.15753626823425293
0.7981409081948987
10.56423611111111
0.15251374244689941
0.744857622008179
10.823863636363637
0.15242362022399902
0.6857226201525838
16.39930555555555
0.15279459953308105
0.6976385931393548
10.568181818181817
0.15342140197753906
0.6954510663542416
7.126736111111112
0.15359878540039062
0.7334632551440536
7.608506944444444
0.16565442085266113
0.7718361653530214
7.739583333333333
0.1556696891784668
0.763822572443207
7.446338383838384
0.15982770919799805
0.7888827811458634
5.665064102564102
0.15214157104492188
0.8030384700445313
7.0978009259259265
0.16788768768310547
0.8423320378464837
7.505787037037038
0.1592864990234375
0.8083964220356786
6.052083333333334
0.15875744819641113
0.8050574051858352
8.53877314814815
0.15425944328308105
0.8004406847033538
6.39520202020202
0.1531541347503662
0.7992750347114216
10.533459595959597
0.1706080436706543
0.7858131391453361
12.421875
0.17397689819335938
0.7728782323098853
11.788194444444441
0.15219402313232422
0.7788090541884823
8.790509259259258
0.15493464469909668
0.8366829018899131
9.522569444444445
0.15199923515319824
0.793550334544811
9.335317460317459
0.15539050102233887
0.784887471649233
12.495039682539682
0.15260100364685059
0.7792467281110796
18.6875
0.15483880043029785
0.813653075360899
17.644675925925924
0.16225266456604004
0.7208844077705808
9.525462962962962
0.1527106761932373
0.7048277729997356
8.90376984126984
0.1606144905090332
0.7348884258443079
7.321428571428571
0.15422844886779785
0.7816934904962545
15.679012345679013
0.16850781440734863
0.7979024045180353
6.063368055555556
0.15294098854064941
0.7973565845655879
5.264756944444445
0.16540765762329102
0.7843539338732449
5.883487654320987
0.15459251403808594
0.8727000067833403
13.883101851851853
0.15217828750610352
0.7932467912482744
13.034722222222223
0.1544966697692871
0.762920956660087
13.651620370370372
0.15541863441467285
0.7720876415368847
10.60763888888889
0.16455388069152832
0.8500270973492036
6.799768518518519
0.15447354316711426
0.8183602534154433
8.311631944444445
0.15374302864074707
0.8202421281567883
7.334104938271606
0.1777806282043457
0.7648127152376318
9.78174603174603
0.16903018951416016
0.7988491899772672
12.881944444444443
0.17386555671691895
0.7134294448207837
10.121527777777777
0.17430615425109863
0.7725460860566535
8.844246031746033
0.15434885025024414
0.6985522235049035
8.06423611111111
0.15366816520690918
0.7834268785715656
7.280092592592593
0.1569514274597168
0.7833048308048307
9.012345679012347
0.1699223518371582
0.716602319161617
11.705729166666666
0.15375542640686035
0.6708327452101523
14.313271604938272
0.15191292762756348
0.7294299672941045
8.611111111111112
0.1511397361755371
0.7003722051294191
5.5853174603174605
0.1532595157623291
0.8003950789911068
7.615740740740741
0.1521749496459961
0.8062209350236638
8.625992063492063
0.1733555793762207
0.7854103338973175
7.142857142857143
0.15337228775024414
0.7828102488779746
4.74537037037037
0.1684267520904541
0.7699878656589545
4.965277777777778
0.16994380950927734
0.7287080445284306
5.638888888888888
0.17731022834777832
0.7713217307838053
14.982638888888891
0.1546640396118164
0.7925789707689579
17.0703125
0.15159964561462402
0.7746658426316307
9.386574074074074
0.15454840660095215
0.8070770091992504
10.524305555555555
0.15281343460083008
0.7927288630574072
8.908179012345679
0.16769194602966309
0.8351531528314771
7.733134920634922
0.17091703414916992
0.8521596182129128
6.342592592592593
0.15332245826721191
0.783715588759067
9.409722222222223
0.17602062225341797
0.7332799361410058
4.565972222222222
0.18245601654052734
0.7556535541752935
7.141203703703705
0.15452051162719727
0.7800322295669543
7.826388888888888
0.15177464485168457
0.8069140712464996
12.25
0.16560769081115723
0.827204111005121
14.079861111111109
0.15519380569458008
0.7332055237742113
10.194444444444443
0.15651679039001465
0.7575980253764831
13.113425925925924
0.17173528671264648
0.6502577902018783
11.651785714285714
0.15829253196716309
0.7093028962825034
9.4375
0.1564033031463623
0.6963630365571396
8.333333333333332
0.1571516990661621
0.7558088176448059
16.33101851851852
0.15270113945007324
0.769164324786918
11.778549382716049
0.15719032287597656
0.7694411796979193
9.374999999999998
0.1539320945739746
0.7759098339018514
9.913194444444445
0.15185332298278809
0.7975824025914271
9.27951388888889
0.15241718292236328
0.7324999706897827
10.309606481481481
0.1533203125
0.7641297193094105
6.278409090909091
0.16373109817504883
0.734951979673342
5.632716049382716
0.15404796600341797
0.7674410344864598
5.006944444444445
0.154158353805542
0.7724718679110865
6.510416666666667
0.15293455123901367
0.7974974185062271
7.847222222222222
0.16770148277282715
0.7682901888180028
10.13503086419753
0.15436911582946777
0.7454636691555724
10.130208333333332
0.15521979331970215
0.786295066897152
19.39484126984127
0.17607474327087402
0.7654982461406267
13.206018518518517
0.15517091751098633
0.6895210059056418
8.82716049382716
0.15246319770812988
0.7397069999970591
6.916666666666667
0.16691350936889648
0.7606962386150722
15.340909090909092
0.15547466278076172
0.7533439720061884
9.505208333333332
0.17659568786621094
0.7831665988609597
8.719618055555555
0.15760278701782227
0.8311664165061486
11.655092592592593
0.1783139705657959
0.8126928982346939
12.349537037037036
0.15266060829162598
0.7938956626204454
16.84027777777778
0.1607367992401123
0.8212539713697865
9.310515873015872
0.15575313568115234
0.8502216770032862
8.496527777777777
0.1786351203918457
0.8855781743752761
5.937500000000001
0.1743009090423584
0.8904890786583812
16.493055555555554
0.15489649772644043
0.7366142351479562
4.375
0.1552870273590088
0.8633243927486806
4.743055555555555
0.15631699562072754
0.8574862160868834
9.071180555555555
0.1525423526763916
0.8140976703788053
8.893229166666666
0.15440940856933594
0.7613910431177187
10.920138888888888
0.1557936668395996
0.7628023142839283
10.815972222222221
0.15292620658874512
0.6889208321613608
8.616071428571429
0.17469048500061035
0.6858096511225373
5.898437499999998
0.17370986938476562
0.7579466436606058
9.07738095238095
0.15340948104858398
0.8340084622182896
8.63425925925926
0.16193795204162598
0.7735231481442141
5.648148148148148
0.16271686553955078
0.8014848582414505
9.175347222222223
0.15512681007385254
0.7496174337197041
10.848214285714286
0.15248966217041016
0.68966594913668
9.780092592592593
0.1567239761352539
0.7575840007924021
8.805555555555555
0.16452336311340332
0.8042334051929766
10.536265432098766
0.156174898147583
0.8081732318891697
4.84375
0.1586170196533203
0.7728143131703504
16.223958333333336
0.17742657661437988
0.7499857442896001
8.26388888888889
0.15581822395324707
0.7585555774407278
8.3125
0.17428994178771973
0.7754087925662826
8.676215277777777
0.15476751327514648
0.7529159665911286
13.313492063492063
0.16416454315185547
0.783830974721594
17.423611111111107
0.17928743362426758
0.7698986707677039
17.5
0.1541764736175537
0.7595093970121548
7.4375
0.15429306030273438
0.71405358597263
6.067708333333334
0.15567851066589355
0.8025686023730625
9.215277777777775
0.17966032028198242
0.7836104020895042
10.041666666666666
0.15801310539245605
0.8088051463128864
10.787037037037038
0.16940569877624512
0.7464181224107223
8.208333333333332
0.15396690368652344
0.7740870626164743
12.895833333333332
0.16159963607788086
0.7939197024894372
19.424603174603174
0.15551185607910156
0.7119139568528595
12.0
0.15230560302734375
0.7021934815937139
7.2271825396825395
0.16544771194458008
0.7459000399049179
9.085648148148147
0.15282058715820312
0.7962886152264953
12.472993827160494
0.156813383102417
0.7320312465248027
8.241792929292929
0.15371990203857422
0.7291449915737364
10.05787037037037
0.17389941215515137
0.7505723902204006
7.3313492063492065
0.15656065940856934
0.7380382267923913
9.660493827160495
0.1557612419128418
0.6804840454719474
6.940972222222221
0.16799426078796387
0.7391253240261462
11.328914141414142
0.17125606536865234
0.8184680440703347
8.896604938271606
0.1689906120300293
0.7834918382477868
8.248456790123457
0.15703105926513672
0.6970638148412308
14.128086419753085
0.15697860717773438
0.7619969908982535
7.192460317460318
0.15403509140014648
0.7854225460334511
6.711309523809524
0.15549707412719727
0.7648778643770734
8.37962962962963
0.17547249794006348
0.753834979409108
9.934413580246913
0.15489745140075684
0.7662076355650319
10.394965277777779
0.155731201171875
0.7255477040876877
7.284722222222223
0.15547990798950195
0.7021798051299623
12.767857142857142
0.15550541877746582
0.7203533311543885
13.04513888888889
0.1754288673400879
0.7390832305570387
18.677083333333336
0.16144871711730957
0.7432384065119083
9.390432098765432
0.15702056884765625
0.6974512835121893
8.140432098765432
0.15519046783447266
0.7675802169003973
8.128472222222223
0.15982604026794434
0.7812815797150119
8.376736111111112
0.1593637466430664
0.8290416250591938
10.928240740740742
0.15660762786865234
0.810360827865336
7.884424603174602
0.15407085418701172
0.7645891953305721
6.666666666666666
0.15747332572937012
0.7734125414743083
8.20391414141414
0.15373706817626953
0.7845391425554804
5.555555555555555
0.16004729270935059
0.7528695176034174
10.381944444444443
0.17071247100830078
0.7128479104162608
7.1836419753086425
0.16820597648620605
0.789978618693665
11.348824786324787
0.15370988845825195
0.8576081987313483
12.323232323232322
0.15433502197265625
0.7907136424626007
7.955246913580246
0.15787315368652344
0.7459248743133748
6.418650793650793
0.15386438369750977
0.6492913202414832
7.766203703703703
0.1569836139678955
0.7338790087974566
6.375868055555555
0.15432476997375488
0.7526582695499171
8.526785714285714
0.15261125564575195
0.7745051741043204
3.975694444444445
0.15262103080749512
0.7032023103252574
7.280092592592592
0.15607833862304688
0.6761982342187558
15.081018518518517
0.15338921546936035
0.6435736546488872
14.27951388888889
0.15656518936157227
0.7146660996141592
14.799382716049385
0.15324163436889648
0.7708692799226354
11.076388888888888
0.15871000289916992
0.8202190318892165
14.86111111111111
0.15353775024414062
0.7992409257438469
14.99614197530864
0.1770029067993164
0.8508403377528817
11.145833333333332
0.15588140487670898
0.857665964530291
21.07638888888889
0.1571664810180664
0.7669883623561101
7.991071428571429
0.1538221836090088
0.7140758678000996
14.042658730158731
0.17856144905090332
0.7243583331428065
14.344135802469133
0.15607666969299316
0.721683873514907
12.074652777777779
0.15338516235351562
0.7213032119567976
6.562499999999999
0.15301156044006348
0.8208370844904967
9.603174603174603
0.15482330322265625
0.8098932605156832
13.828125
0.1693427562713623
0.8923218066333295
13.327020202020202
0.1551673412322998
0.9034942403243612
11.488095238095237
0.15396952629089355
0.816197686287357
11.200396825396824
0.15535855293273926
0.8187939296278656
12.75462962962963
0.15536117553710938
0.8293240311342108
14.012345679012343
0.1570110321044922
0.8601616107013957
9.302083333333334
0.1531062126159668
0.8413378682812859
11.892361111111112
0.1543583869934082
0.8257977073439732
9.27662037037037
0.1542503833770752
0.7573045828357922
10.74363425925926
0.15537714958190918
0.7980633425011834
7.319444444444445
0.15450477600097656
0.6962438956262744
10.050154320987655
0.1689910888671875
0.710701750755171
10.703125000000002
0.15439176559448242
0.7542419612022826
14.13510101010101
0.1551532745361328
0.7336335873009712
12.925347222222221
0.1546006202697754
0.791386698142479
7.508012820512822
0.1749734878540039
0.8036913845535213
15.09424603174603
0.15398097038269043
0.7660282958583814
18.153935185185187
0.15375447273254395
0.8840192995659854
9.292534722222223
0.1524202823638916
0.789039541997322
11.60763888888889
0.17071056365966797
0.8226028260016212
8.42013888888889
0.15197229385375977
0.8057844362837349
8.520833333333332
0.1535935401916504
0.8614716072916511
7.484217171717171
0.15309739112854004
0.8670111727363936
6.3671875
0.15226101875305176
0.8224585850093824
10.823863636363637
0.15159845352172852
0.9011496591956364
15.19675925925926
0.16368937492370605
0.8559242761934642
8.324652777777777
0.1760425567626953
0.8529068756536311
13.402777777777779
0.15570735931396484
0.8291360623389675
10.541666666666668
0.15285301208496094
0.7942257845053663
7.777777777777777
0.16782402992248535
0.7541620011456908
16.104797979797976
0.15277791023254395
0.7114612336063451
16.26068376068376
0.17361187934875488
0.7963812497065952
9.233217592592593
0.1555497646331787
0.7752982413495606
10.107323232323232
0.1667795181274414
0.8926527191610631
7.519290123456789
0.1546797752380371
0.8458742895430205
9.4760101010101
0.15412020683288574
0.7974769464476166
9.656635802469134
0.15449166297912598
0.6631176891504109
5.21604938271605
0.15532398223876953
0.7032407221323829
13.541666666666666
0.15259718894958496
0.6189637820755728
12.530864197530864
0.15160918235778809
0.7522439026599717
12.734375
0.15290474891662598
0.8102730492049378
10.163194444444446
0.16935157775878906
0.764813401316103
15.481150793650793
0.15462207794189453
0.8160685373896349
18.229166666666668
0.1555635929107666
0.8069765073714724
13.204365079365077
0.1550438404083252
0.7876905666706641
12.547743055555557
0.1732616424560547
0.8002144114523023
16.543209876543205
0.1540520191192627
0.8067486774768559
13.14043209876543
0.16712117195129395
0.8772831495122516
9.86882716049383
0.15519499778747559
0.86094159596931
9.07638888888889
0.15315628051757812
0.7696573334185659
8.906250000000002
0.16799640655517578
0.7382287205157969
11.552083333333332
0.15446686744689941
0.8074583853338299
11.15451388888889
0.15349984169006348
0.819039947300704
16.88888888888889
0.15111017227172852
0.8110204946176951
10.707070707070706
0.15501666069030762
0.7234528574809421
12.507716049382715
0.1572420597076416
0.7673330517126069
7.873263888888888
0.15419316291809082
0.777564071530778
10.744047619047619
0.15325284004211426
0.7743836614579478
9.736689814814815
0.15390968322753906
0.7785870860481656
12.647569444444443
0.16351032257080078
0.8242325787368823
7.49368686868687
0.15354299545288086
0.7924675438113501
9.930555555555555
0.15271544456481934
0.8017985963059616
5.548611111111111
0.14915013313293457
0.8074778049629552
9.51388888888889
0.15207648277282715
0.7846010254629825
10.836226851851853
0.15341901779174805
0.7571432260860435
12.596450617283951
0.16221070289611816
0.7571347968190136
9.999999999999998
0.15660905838012695
0.8201043669431752
7.659722222222223
0.15454983711242676
0.8213156933364716
8.631944444444445
0.15349030494689941
0.7880273752657059
13.30439814814815
0.1592545509338379
0.7615429380773335
6.5625
0.15320634841918945
0.7331747243824157
5.590277777777778
0.1501476764678955
0.7672847370436706
10.312500000000002
0.16679000854492188
0.7428430207055019
6.071428571428571
0.15206575393676758
0.7845154050128531
10.88888888888889
0.15176916122436523
0.71888374508966
10.671296296296298
0.15206289291381836
0.7536852942088894
11.729166666666666
0.1538858413696289
0.7799655368428464
9.021990740740739
0.1515960693359375
0.7392819895412257
8.680555555555555
0.17253661155700684
0.7493982110152856
8.67361111111111
0.15472745895385742
0.8213386735732688
7.450396825396825
0.15405941009521484
0.8376958707449014
9.454365079365077
0.15815401077270508
0.7909049117438475
7.0640432098765435
0.15523743629455566
0.7001378303677429
12.569444444444445
0.15256023406982422
0.7145723436704429
9.010416666666666
0.15628814697265625
0.7178443249244955
9.913194444444445
0.15311789512634277
0.7669261081284201
5.688657407407407
0.17930126190185547
0.7275264216722701
8.203125
0.16339445114135742
0.7760582451985593
12.26273148148148
0.16291475296020508
0.812369335408866
8.383838383838384
0.15291571617126465
0.7378910451437771
9.184027777777777
0.15739679336547852
0.8030439753793293
9.933035714285717
0.1538527011871338
0.8281989528886576
8.314393939393938
0.1668083667755127
0.7831285444387291
6.736111111111112
0.17031407356262207
0.7434189117564738
8.298611111111112
0.1688518524169922
0.8524790884800371
10.629340277777779
0.16412687301635742
0.8159223018480036
7.465277777777778
0.1727466583251953
0.8031668196924976
6.813271604938273
0.15361309051513672
0.7654521774734999
13.319444444444443
0.15327811241149902
0.8676532493594338
12.197420634920634
0.15239191055297852
0.8612147130083966
8.358134920634921
0.17204761505126953
0.8155083669170355
6.922743055555556
0.15036535263061523
0.7536329492361552
7.413194444444445
0.16466426849365234
0.778638081043371
10.025252525252524
0.15173792839050293
0.7951175697845514
12.705176767676766
0.15757536888122559
0.7981803240610772
10.583964646464645
0.15304040908813477
0.8036386890613368
11.19295634920635
0.15408873558044434
0.8315417450765582
13.759469696969694
0.15253973007202148
0.8161074272298736
10.283119658119658
0.1789379119873047
0.7961806966380469
11.780303030303031
0.1589033603668213
0.7581619332838675
9.00173611111111
0.17669343948364258
0.7645179967171365
10.810185185185185
0.1514759063720703
0.747798031972373
11.12179487179487
0.15428900718688965
0.8037853962658994
13.493589743589741
0.15383386611938477
0.7778489802403541
6.25534188034188
0.17477083206176758
0.779304079019625
8.072916666666666
0.17537856101989746
0.7755030461753728
7.236111111111112
0.15604019165039062
0.8014873690518479
10.532407407407408
0.172715425491333
0.7657200667818331
9.114583333333334
0.1532120704650879
0.7483860809186957
6.364087301587302
0.163923978805542
0.7427197482671111
7.735339506172839
0.15458178520202637
0.775970326501034
8.67361111111111
0.1547396183013916
0.7457916666255634
8.702651515151516
0.1717214584350586
0.7431013651167814
12.38425925925926
0.15618634223937988
0.7053968429902256
7.528409090909091
0.1559312343597412
0.7132352399095032
11.91743827160494
0.15330815315246582
0.7721076356834796
11.879340277777779
0.1646580696105957
0.7633959843912975
16.532118055555557
0.173600435256958
0.8032194066837841
7.721354166666666
0.15380239486694336
0.8210608490020254
14.961419753086416
0.15384459495544434
0.7953428294179458
4.833333333333334
0.1560230255126953
0.8362435989215746
16.517857142857142
0.15734052658081055
0.7153486449051784
15.317460317460316
0.1618328094482422
0.6701442952605833
9.388020833333332
0.15266966819763184
0.734091142674692
10.432098765432098
0.15297722816467285
0.745861627966891
12.070312499999998
0.1546170711517334
0.7687834533495448
6.465277777777777
0.15728259086608887
0.7817131588858343
7.878472222222221
0.1541900634765625
0.830951982622518
7.226562500000001
0.15226244926452637
0.788206825085648
6.48313492063492
0.15550017356872559
0.7455715888274671
7.789351851851851
0.15580487251281738
0.7213562537746084
4.918981481481481
0.16531014442443848
0.6530951071355001
8.427083333333332
0.17299151420593262
0.7441870774721566
8.999368686868687
0.15296292304992676
0.8391571066338869
10.65625
0.1550600528717041
0.8439327001446613
8.684413580246913
0.15502119064331055
0.8054666466371329
10.516493055555555
0.1553971767425537
0.7705373150695297
8.604166666666668
0.15410590171813965
0.7793840903044776
6.346450617283952
0.15366220474243164
0.7968672670896514
8.238636363636365
0.1539604663848877
0.802055082030544
13.422067901234568
0.15488815307617188
0.776442109936846
10.128472222222221
0.15637803077697754
0.7645035830427995
8.131944444444445
0.15255427360534668
0.7334812310875994
14.423076923076925
0.17557239532470703
0.7121650013848019
8.16220238095238
0.15625882148742676
0.7467362176396406
6.101641414141414
0.15468764305114746
0.7565611094276766
10.371093750000002
0.17375612258911133
0.6982253902386374
8.492063492063492
0.15420222282409668
0.7625697645803297
15.438762626262623
0.15640854835510254
0.8294677710914574
7.538580246913579
0.15336990356445312
0.7972663025986583
8.080808080808081
0.1523880958557129
0.8104494494342781
12.350694444444446
0.1809391975402832
0.7809468965053049
11.685956790123456
0.15744900703430176
0.7176203462811873
14.012896825396826
0.16686272621154785
0.7340966557080734
18.298611111111114
0.15326333045959473
0.7464015630126027
7.1484375
0.15332484245300293
0.8071375783891833
12.02777777777778
0.15180659294128418
0.7666848427905609
5.374228395061729
0.17943382263183594
0.7486972917027849
3.881172839506173
0.1565084457397461
0.7524207683781855
6.2436868686868685
0.18221473693847656
0.7693436721982264
9.091094771241828
0.15504670143127441
0.8204809615725424
10.496031746031747
0.15352964401245117
0.8150299147617617
13.671875000000002
0.15955162048339844
0.8091644820890073
12.450810185185185
0.1528787612915039
0.7752212744157706
18.641493055555554
0.15784811973571777
0.7760656919944323
9.591346153846153
0.15600299835205078
0.6883593420920643
5.729166666666666
0.15486979484558105
0.7267420348789903
5.681818181818181
0.1518721580505371
0.7590909366320822
8.636363636363638
0.15535378456115723
0.7957821096070402
7.922979797979798
0.15395236015319824
0.7490936313281106
11.36574074074074
0.15546679496765137
0.7879046687332512
12.664930555555555
0.1727461814880371
0.8068947030938542
6.975308641975308
0.15220880508422852
0.8214670419428259
8.333333333333332
0.15683746337890625
0.7565517974916928
9.875000000000002
0.15403318405151367
0.7494321607814168
10.45486111111111
0.1640303134918213
0.7735795529736628
10.779671717171718
0.15488719940185547
0.7608036219623042
9.791666666666666
0.15582489967346191
0.8157683344835202
12.92361111111111
0.1712346076965332
0.8232984870762504
9.286858974358976
0.15921425819396973
0.8032324848868124
8.2421875
0.1548757553100586
0.735226939404794
6.682449494949494
0.1578371524810791
0.7379931407642846
9.864267676767676
0.15857887268066406
0.8409222878493438
13.985042735042732
0.16646718978881836
0.7778337941994825
9.021464646464645
0.15678095817565918
0.7616613833728537
8.162878787878789
0.16452980041503906
0.717086505540845
6.5749007936507935
0.15388154983520508
0.7370797279691499
8.600694444444443
0.1521148681640625
0.7635893173717324
6.770833333333333
0.15237045288085938
0.8196443461132766
10.064484126984127
0.15990948677062988
0.8143450530622188
10.280448717948717
0.16652464866638184
0.8473419565374326
10.9375
0.16574740409851074
0.877792916588291
7.885416666666667
0.17664504051208496
0.8200935727128722
5.601851851851852
0.17357516288757324
0.7765930759904621
7.936507936507936
0.16919875144958496
0.7578864358634638
5.190972222222222
0.15476465225219727
0.6383886933809534
7.6813271604938285
0.16444706916809082
0.6904084612134148
9.649305555555554
0.15536069869995117
0.7491039775499578
12.716049382716049
0.17515134811401367
0.7325205451887962
12.688078703703702
0.15213918685913086
0.7412214126461047
10.0390625
0.1596512794494629
0.7953516871352436
7.491319444444445
0.16656208038330078
0.7981397785583155
7.878787878787879
0.1539306640625
0.7985254569293314
13.086805555555554
0.15381383895874023
0.7438889895066254
6.2692901234567895
0.1555192470550537
0.7739560256055833
8.742283950617283
0.15295720100402832
0.8118636416023872
11.39236111111111
0.1534559726715088
0.7959541997621611
7.989969135802468
0.15465927124023438
0.8305824622463166
11.536458333333332
0.16403961181640625
0.7202442016533951
7.850378787878788
0.17095208168029785
0.7305636901300692
14.23611111111111
0.15812897682189941
0.7293657418995654
7.8790509259259265
0.16288328170776367
0.7746831322898978
9.49074074074074
0.1529088020324707
0.7957095066857137
12.70486111111111
0.17199444770812988
0.8306695795648757
12.910879629629632
0.15739941596984863
0.8322012656641135
10.975694444444446
0.1537625789642334
0.870755606364931
8.328703703703704
0.17112421989440918
0.8820512347074736
8.42681623931624
0.15935969352722168
0.8958511015677308
8.4375
0.15963292121887207
0.8433715891587977
9.678030303030303
0.15555357933044434
0.7841305758923494
9.421296296296298
0.16422605514526367
0.7893839256892347
9.590277777777777
0.15561485290527344
0.8288393033509529
9.914529914529915
0.15332269668579102
0.8251348652021958
9.565972222222223
0.15567803382873535
0.8222720127782969
8.519570707070708
0.15626835823059082
0.7844856097776013
9.309895833333332
0.15535926818847656
0.7569078906223347
7.763310185185186
0.1516256332397461
0.7335006539667647
8.56691919191919
0.16492056846618652
0.7005680085923809
6.310763888888889
0.15549612045288086
0.7337992243078774
9.079861111111109
0.15318512916564941
0.775638607909942
16.34375
0.15927815437316895
0.7440258108896548
6.1419753086419755
0.17119288444519043
0.7657064099673886
6.780303030303031
0.15448689460754395
0.7731337251799708
12.925347222222221
0.16968703269958496
0.7822818008475619
12.870370370370372
0.16514968872070312
0.7762758953049128
10.795717592592593
0.15397953987121582
0.784481287555145
6.767676767676766
0.15714693069458008
0.7877002171456413
8.950892857142856
0.1558091640472412
0.7783867215621212
7.398504273504274
0.1686408519744873
0.8427262952354754
10.581597222222223
0.15401864051818848
0.826737511986191
9.675925925925924
0.1536705493927002
0.8021518491019676
20.39529914529915
0.15660858154296875
0.79269813741513
7.8977272727272725
0.15561175346374512
0.7676508648254181
16.55753968253968
0.15658879280090332
0.8030695453842521
10.499131944444446
0.16079044342041016
0.7511934350105
11.733940972222221
0.15363168716430664
0.7773000759665089
10.418494152046781
0.15372347831726074
0.8248098387813545
9.370659722222221
0.15502095222473145
0.815851060643744
10.677083333333332
0.1541142463684082
0.7840793227417554
13.263888888888891
0.15345501899719238
0.7571690504324663
17.37847222222222
0.15436792373657227
0.7476628201542703
9.975694444444443
0.17344260215759277
0.7810463456659841
16.77083333333333
0.15846467018127441
0.7549191538669563
13.039772727272725
0.15501666069030762
0.7935801451181255
8.87037037037037
0.15430831909179688
0.7578642907361854
8.912927350427351
0.1540968418121338
0.7846762268293258
6.578282828282827
0.18037176132202148
0.793075742328213
8.775252525252524
0.1544361114501953
0.7958707091056254
8.33719135802469
0.15392804145812988
0.804035628160761
10.100308641975309
0.1548326015472412
0.7643111273376669
7.083333333333333
0.15121889114379883
0.7473942099805945
10.3125
0.15740752220153809
0.7395869265882343
8.569444444444443
0.15477561950683594
0.8181110963598509
8.951388888888888
0.154127836227417
0.8000484620767037
11.55448717948718
0.1769115924835205
0.8194586936270599
11.090277777777777
0.15400958061218262
0.7496091894557105
10.963541666666666
0.15278220176696777
0.8206772698298868
9.918981481481481
0.17455196380615234
0.7925454683908396
10.114850427350426
0.17354941368103027
0.7472907231437289
7.750496031746031
0.1550440788269043
0.7642261163459791
8.981481481481481
0.15362191200256348
0.7273609770963663
5.595238095238096
0.14680767059326172
0.7470845659053857
9.264520202020202
0.1529231071472168
0.7570294422091505
9.104166666666664
0.15408754348754883
0.784059822137561
8.073937908496733
0.15281105041503906
0.842760091112718
8.032407407407407
0.1596393585205078
0.8377517658014961
7.069978632478633
0.15657353401184082
0.8034782663931322
6.651234567901234
0.15799474716186523
0.8270675509042537
11.125
0.1569521427154541
0.7503815168478641
14.112654320987655
0.15564775466918945
0.7192844989416518
6.375000000000002
0.1561896800994873
0.7383157076039537
8.856837606837606
0.1566002368927002
0.7649613257071962
11.54671717171717
0.1526048183441162
0.7841531092754711
9.345238095238093
0.15307903289794922
0.7236398559655641
9.030257936507935
0.15645694732666016
0.7921563176870482
12.36111111111111
0.17194175720214844
0.7982602506702458
8.467592592592592
0.15438389778137207
0.7973618534133221
9.303626543209875
0.1544485092163086
0.8257489851317036
12.264384920634921
0.1538698673248291
0.7897252472006642
9.343434343434344
0.15490055084228516
0.7869189199858149
14.290364583333332
0.15314221382141113
0.7579125135038552
8.149801587301589
0.17655301094055176
0.7298265488052672
10.10416666666667
0.16470909118652344
0.7560209936167993
7.238247863247864
0.1637113094329834
0.7753483618896335
5.476641414141414
0.15314364433288574
0.7871615232884207
6.154513888888889
0.15498876571655273
0.8105952477528383
8.876488095238095
0.1728518009185791
0.7556828617238297
8.836805555555554
0.15219616889953613
0.7574452217733733
10.227272727272727
0.1540086269378662
0.7209406929942015
6.2876157407407405
0.15602588653564453
0.7034151744662783
6.815025252525252
0.15533709526062012
0.742518947240836
7.604166666666665
0.15710139274597168
0.7971319796704907
12.29861111111111
0.1532590389251709
0.7611110211377402
6.862373737373739
0.15282869338989258
0.7439329471942581
5.496031746031746
0.15279245376586914
0.7847131956265084
9.54861111111111
0.15721416473388672
0.8081257898415596
14.33449074074074
0.1562197208404541
0.7557420693356047
10.833333333333334
0.15326547622680664
0.740021185040414
10.37326388888889
0.15211057662963867
0.7414292140547574
10.042735042735044
0.152024507522583
0.8156251720037287
8.475378787878789
0.16578936576843262
0.8126865654876049
11.460813492063492
0.15420055389404297
0.7950593265829373
7.503472222222223
0.17273831367492676
0.7490150810212417
11.174242424242424
0.15305495262145996
0.7448167332173867
9.815972222222223
0.15561366081237793
0.7495834407604122
7.447916666666666
0.15066218376159668
0.7605626650872225
5.631944444444445
0.15376830101013184
0.7316057753464655
10.760416666666666
0.1525423526763916
0.6874192434340423
12.347222222222223
0.15186619758605957
0.7133128876485398
12.729166666666668
0.15379071235656738
0.7556543543128913
11.503472222222223
0.15558242797851562
0.7831188563013923
12.206439393939394
0.15936017036437988
0.8230027602390799
6.979166666666667
0.15391087532043457
0.7843913290426413
5.855034722222222
0.1566178798675537
0.7400848540375085
8.969907407407407
0.15169692039489746
0.6942458408161742
5.993923611111111
0.17051362991333008
0.7403402141069422
9.63107638888889
0.1549677848815918
0.7168904960532096
15.505401234567902
0.1531527042388916
0.8067911923825207
10.668402777777779
0.1514265537261963
0.8059814977616836
11.900252525252524
0.1548607349395752
0.8081533484659505
11.354166666666666
0.1735823154449463
0.817108279850106
7.005208333333333
0.15251731872558594
0.7615906576566569
8.456790123456791
0.15864276885986328
0.7898750178545266
8.381944444444445
0.15191936492919922
0.8108497319393362
4.583333333333334
0.15558457374572754
0.8755516871393679
12.552083333333334
0.1519012451171875
0.7570948582059187
9.336419753086421
0.16567516326904297
0.7680411111465254
9.51736111111111
0.15250468254089355
0.7379584709608924
8.907828282828282
0.15326571464538574
0.6966894727700175
9.097222222222221
0.1582963466644287
0.7416700292927009
7.808641975308642
0.17235422134399414
0.758497136566271
9.544270833333334
0.1534731388092041
0.7426552217774404
7.9436728395061715
0.1521317958831787
0.7380132593073662
10.052083333333332
0.15311098098754883
0.7808050462480476
7.243055555555555
0.16310930252075195
0.7104765505327852
8.47800925925926
0.15308117866516113
0.6771337906336118
9.739583333333332
0.15329766273498535
0.7597908163672477
5.791666666666668
0.1580822467803955
0.7428323891225067
8.437499999999998
0.15389156341552734
0.7461580228368645
8.870192307692307
0.15285015106201172
0.7640814595778551
8.017939814814815
0.1531815528869629
0.78718870580396
8.292824074074074
0.16458868980407715
0.802212230468475
12.694444444444445
0.15718865394592285
0.7944766040486273
9.70138888888889
0.15271925926208496
0.8074114261919842
11.549873737373737
0.15495824813842773
0.7350059717984951
9.215277777777779
0.1555347442626953
0.8276247964721786
9.561011904761903
0.15236544609069824
0.7432587138028028
10.397135416666666
0.15549445152282715
0.720109755528963
12.899305555555555
0.1510787010192871
0.8017727131382633
9.351851851851853
0.15285682678222656
0.7490957969229617
9.031635802469134
0.15192461013793945
0.7803280096036308
14.712752525252524
0.15550589561462402
0.7976526766625621
14.555555555555554
0.15392374992370605
0.7445079816187363
6.655092592592593
0.15239572525024414
0.7798071177809665
8.217592592592593
0.15331029891967773
0.8219995853094523
10.694444444444443
0.15475201606750488
0.7653357031958105
9.84375
0.1530468463897705
0.7060133033197786
17.206790123456795
0.15338850021362305
0.6138476236017456
14.058641975308639
0.1535952091217041
0.6214363147061542
11.435185185185187
0.15326261520385742
0.7214438840341381
9.049479166666666
0.15227890014648438
0.7872405122025619
9.764957264957264
0.1529688835144043
0.8117128203444232
11.073495370370368
0.15232563018798828
0.8350960941842479
7.926587301587302
0.15917253494262695
0.8211449731758179
9.031635802469134
0.15240693092346191
0.7653845882285744
6.245659722222223
0.15080761909484863
0.7840171689917417
7.322048611111112
0.15192389488220215
0.7837750955340944
10.184027777777779
0.15598011016845703
0.8001622158448286
13.461805555555557
0.15517497062683105
0.709090022532596
8.086805555555557
0.17171883583068848
0.7283031675257572
8.027777777777779
0.15549278259277344
0.7377180767815749
6.948302469135801
0.1547863483428955
0.781659212636399
7.152777777777778
0.16280126571655273
0.7229158442247602
7.152777777777778
0.15309786796569824
0.7118555585384441
11.809413580246911
0.15891075134277344
0.7380164729680513
14.375
0.1534111499786377
0.7785137738282797
11.57638888888889
0.15731096267700195
0.7961892876345943
6.464646464646466
0.15642881393432617
0.7782539584456344
8.753156565656566
0.15414094924926758
0.776651971279606
6.360479797979798
0.15783357620239258
0.7246326588652697
9.559294871794872
0.16457581520080566
0.7183913343621369
7.317708333333334
0.15308618545532227
0.7126951432174128
7.395833333333333
0.15500831604003906
0.689033064426797
7.662037037037038
0.15563726425170898
0.7228157995153547
10.99392361111111
0.17578506469726562
0.7127969089043217
12.749368686868685
0.15427589416503906
0.7193278935962687
8.57638888888889
0.17826461791992188
0.7826002103478575
9.668560606060607
0.16051745414733887
0.8082460277664375
11.07204861111111
0.15666508674621582
0.7879184638646033
6.880787037037037
0.15243291854858398
0.7346945816449241
7.852182539682539
0.1514430046081543
0.7870189328610562
8.409722222222223
0.15256381034851074
0.7756519840354215
6.60108024691358
0.15178847312927246
0.7942300238055081
6.30787037037037
0.16325163841247559
0.7735418892839594
8.80050505050505
0.17437195777893066
0.7723541086821382
12.187499999999998
0.15670037269592285
0.7471697105067096
7.276234567901235
0.15448760986328125
0.7073403000810584
16.369047619047617
0.17255115509033203
0.7903697509371151
9.47048611111111
0.15413904190063477
0.7498820206597294
8.571047008547009
0.1556105613708496
0.738076495160545
6.9223484848484835
0.16553378105163574
0.7771671892822759
6.869212962962962
0.16686773300170898
0.7751678951051771
6.957070707070708
0.1548779010772705
0.7200846924612706
5.524691358024691
0.15186595916748047
0.7207433900906636
5.8482142857142865
0.16333794593811035
0.7358940324302643
23.880208333333332
0.15569043159484863
0.6962335382371656
20.95486111111111
0.153350830078125
0.6409298602631937
13.599537037037036
0.15378141403198242
0.7187596607209465
18.935185185185187
0.18074750900268555
0.7140761022532435
15.36458333333333
0.15335512161254883
0.7726273114793039
12.57936507936508
0.17746710777282715
0.7658431535006988
10.219907407407407
0.15667390823364258
0.7873940766539137
7.34375
0.15213489532470703
0.7801838065681621
10.347222222222221
0.15278863906860352
0.7741861587372424
5.810185185185186
0.1571500301361084
0.8171165043425179
8.036265432098766
0.15362167358398438
0.753747354284263
9.902777777777779
0.15751004219055176
0.7805615498743249
11.901041666666666
0.16496539115905762
0.8133777017906207
8.806089743589745
0.15840673446655273
0.7799135611111575
11.021825396825397
0.1548600196838379
0.7680284566445367
8.074494949494948
0.16422438621520996
0.7593978317896648
8.320932539682538
0.15246176719665527
0.8153592327004976
8.340277777777779
0.15215229988098145
0.799636540520828
7.964743589743591
0.15497183799743652
0.7930505671849202
14.53414351851852
0.15327143669128418
0.8051190198997417
11.503739316239317
0.15235018730163574
0.8213947247666613
10.435606060606062
0.16546416282653809
0.8251012943380355
9.53240740740741
0.15195703506469727
0.8432940370824205
16.3827614379085
0.1548290252685547
0.830732496512809
6.3969017094017095
0.15279197692871094
0.8211198814018288
12.124368686868685
0.15592455863952637
0.8073212298241148
11.95138888888889
0.15291976928710938
0.8264615738160573
11.426767676767676
0.15534591674804688
0.8362648964535968
11.354166666666666
0.15397334098815918
0.8375370200233375
9.786706349206352
0.17566132545471191
0.828612722969107
10.503472222222223
0.15426301956176758
0.8996275449879589
8.824786324786324
0.16065239906311035
0.8423973281554329
9.53525641025641
0.1517655849456787
0.8139295913325462
8.114316239316238
0.1566321849822998
0.8060695868944516
10.318287037037038
0.15715456008911133
0.7925961582446645
9.24045138888889
0.1538705825805664
0.8054107584619105
7.112847222222223
0.1539313793182373
0.8414042269066789
6.664624183006537
0.14709043502807617
0.8100871489269657
6.564542483660132
0.1521143913269043
0.83457882731536
8.68287037037037
0.15149998664855957
0.7926319329478347
10.136408730158731
0.15272188186645508
0.8219548340300382
8.744212962962964
0.15585708618164062
0.7937352994018687
7.044270833333333
0.15336370468139648
0.7914959492334519
9.036458333333334
0.15553045272827148
0.8031128690111036
10.611645299145298
0.17474675178527832
0.7473290266728044
7.0138888888888875
0.15538406372070312
0.8164843191062696
8.898809523809522
0.1537940502166748
0.7826543928445949
9.487847222222221
0.17970037460327148
0.795151522051751
8.037037037037036
0.15452814102172852
0.8018564680125404
7.604166666666666
0.1525261402130127
0.7984581572699535
8.18142361111111
0.17276573181152344
0.7998243077326659
13.159722222222223
0.15231966972351074
0.7807199462153768
13.03240740740741
0.15275144577026367
0.8250180899126455
14.418402777777779
0.17885112762451172
0.8041540391396207
8.249421296296296
0.1555159091949463
0.760016546198983
9.163194444444446
0.1725785732269287
0.8085127142135177
6.69871794871795
0.1635148525238037
0.7990052823866972
12.62962962962963
0.17449378967285156
0.841565001049458
9.669117647058824
0.15231585502624512
0.8071010312455267
11.87962962962963
0.15542888641357422
0.8102247175079457
11.51388888888889
0.1555485725402832
0.8188836223055156
9.791666666666668
0.15381264686584473
0.8136368026312685
10.931712962962964
0.15283489227294922
0.8188417997096881
9.4150641025641
0.1653611660003662
0.8055830142569226
14.858796296296296
0.16925954818725586
0.8564619578981664
8.318452380952381
0.15640902519226074
0.8439531375495606
7.988153594771241
0.17951464653015137
0.8393632606638192
8.276909722222223
0.15489411354064941
0.838325403322636
9.736689814814815
0.1666262149810791
0.836246314146597
8.814102564102562
0.1740436553955078
0.8089107901873633
9.136574074074073
0.16039133071899414
0.7594707745236986
9.583333333333334
