0.24414300918579102
0.9686098202088336
7.878472222222221
0.17251896858215332
0.9710347496095548
14.786537247474747
0.10489606857299805
0.9786994175034535
11.73514660493827
0.15917158126831055
0.9800395585682942
11.478587962962962
0.08769345283508301
0.9780957807624474
7.0709325396825395
0.17087483406066895
0.9712890240786293
6.529224537037037
0.12808513641357422
0.9721072979623704
5.824652777777778
0.166853666305542
0.9753167258454616
9.050719246031745
0.1373138427734375
0.9689706538672057
7.836371527777779
0.16367268562316895
0.9726198484776936
12.953317901234568
0.12658309936523438
0.969455517920888
14.117959104938272
0.18262434005737305
0.9773650608015934
13.392288773148145
0.16753363609313965
0.970808922790451
8.490584935897434
0.16419482231140137
0.9423138390414681
7.0505839646464645
0.16572880744934082
0.9664317021639915
8.989955357142858
0.16469097137451172
0.9729527237421975
10.495659722222223
0.16700196266174316
0.9761835188049276
7.243381076388889
0.16576409339904785
0.960257910751473
11.157275883838382
0.16608428955078125
0.9671755566402626
11.344762731481481
0.17923450469970703
0.976187141238489
14.674479166666664
0.1660463809967041
0.9751783977767913
11.129340277777777
0.17339611053466797
0.959449529263143
10.98162615740741
0.1671583652496338
0.9652319325401838
16.347853535353536
0.19579482078552246
0.9626169099530892
7.9525726010101
0.1862797737121582
0.9749510659476767
12.770833333333332
0.1644458770751953
0.960646114504877
10.851417824074074
0.16501855850219727
0.9716677353873094
10.569010416666668
0.18750882148742676
0.9678259993321195
10.11318108974359
0.16603565216064453
0.9744185759035596
11.42676767676768
0.1807563304901123
0.9527361507121306
8.464988425925926
0.18008112907409668
0.968443852291423
9.489149305555555
0.1727900505065918
0.9670717602564437
10.393807870370372
0.18799996376037598
0.9610858591282212
10.416666666666668
0.17312169075012207
0.9690721341947427
10.336371527777779
0.1722276210784912
0.9610199035783945
12.491319444444445
0.16672492027282715
0.9692635485509474
10.172646604938272
0.18426060676574707
0.9612133537718267
12.815261994949497
0.1654651165008545
0.9717038092052275
6.3991970486111125
0.16840720176696777
0.9767954625849362
5.965711805555555
0.16527223587036133
0.9799677569359798
8.691840277777779
0.1669602394104004
0.9846474989709634
8.848861882716049
0.17278742790222168
0.9657581100762691
8.128472222222221
0.16907262802124023
0.9795069718317772
10.317460317460316
0.1678001880645752
0.9815406291563212
7.9296875
0.16747617721557617
0.9709992412694491
4.488715277777778
0.16872334480285645
0.9650134166553284
6.423611111111111
0.18477678298950195
0.9478485683832366
14.29501488095238
0.1693868637084961
0.9656278120099895
19.452039930555557
0.18195867538452148
0.9334229211442785
13.284625771604937
0.18291115760803223
0.9330988112068771
8.581969246031747
0.16909241676330566
0.954426626422477
9.745008680555555
0.169266939163208
0.9625752898332337
11.882102272727273
0.17063140869140625
0.9474085407479003
11.099273989898991
0.16773629188537598
0.9636411428074357
14.842664930555552
0.1879279613494873
0.9747920687224955
15.869502314814817
0.2027604579925537
0.9671210676809746
14.726167929292927
0.16714787483215332
0.9638994508697766
15.546875
0.1644608974456787
0.965788148790064
11.372612847222221
0.17252874374389648
0.9682677437441979
9.864449786324787
0.16640543937683105
0.960505218022601
10.474175347222223
0.1658039093017578
0.9607702357233703
9.370659722222223
0.16578245162963867
0.9726446433433628
8.484519675925926
0.16459918022155762
0.9804492636071583
8.713541666666666
0.18576622009277344
0.9687702088831468
8.364645337301585
0.16805338859558105
0.9797945104354634
9.191372863247862
0.16701722145080566
0.9624432981801421
8.091362847222223
0.1874706745147705
0.9680133592455592
5.970552884615383
0.16581416130065918
0.9650128074871478
9.195498511904761
0.1649467945098877
0.970828179643648
10.392071759259261
0.17387032508850098
0.9743116706138577
6.766927083333333
0.1661994457244873
0.9668459159853912
8.376402243589745
0.16753458976745605
0.9744801626912779
9.002919823232324
0.17301583290100098
0.9910294410294409
8.914062499999998
0.1657421588897705
0.9859369099810276
9.09157986111111
0.16513776779174805
0.9771842959381745
8.844618055555557
0.16651415824890137
0.9643622813233019
12.50144675925926
0.16578173637390137
0.9717107071598519
13.07595486111111
0.17457270622253418
0.9768376516061383
9.43359375
0.1672344207763672
0.9761942384205573
11.625434027777777
0.16760873794555664
0.9704097027089692
11.911892361111107
0.1687006950378418
0.9534296495621563
9.803447420634921
0.16765403747558594
0.9401186168644328
8.542286706349207
0.1723184585571289
0.9535874339053728
10.277777777777777
0.16584277153015137
0.9561543584092639
12.243200231481481
0.16489672660827637
0.9673619564476098
10.4296875
0.16498398780822754
0.9816810069863764
9.239662247474747
0.16597628593444824
0.9705710581092434
8.786458333333334
0.16551733016967773
0.9470367728964022
9.431134259259261
0.18375563621520996
0.975575686579893
10.684950086805555
0.17605257034301758
0.974639408705173
8.922845179738562
0.16582131385803223
0.9642392409064269
10.052083333333334
0.1868581771850586
0.9711046332067284
9.389022435897436
0.1729898452758789
0.95070898206906
9.401041666666668
0.1658468246459961
0.9562998667197308
9.07154224537037
0.1658015251159668
0.9800547637987975
7.953920717592593
0.18585491180419922
0.951556786269949
9.28927951388889
0.16693615913391113
0.9840496636227939
10.42165798611111
0.1685624122619629
0.9686849555951232
9.875289351851851
0.17591571807861328
0.9448148320605038
12.878689236111112
0.16496896743774414
0.9676248698416238
11.71843998015873
0.17147040367126465
0.9738431531860161
11.142306857638893
0.16909456253051758
0.9649537569986486
10.702039930555554
0.1665024757385254
0.9641002611018757
13.424250730994151
0.168687105178833
0.9636366298191766
11.928359885620916
0.16825008392333984
0.9810001363656365
16.601105628654967
0.16954374313354492
0.9615360760941097
11.199845679012347
0.17695975303649902
0.975457598411731
11.7626953125
0.16924691200256348
0.9595003571244387
12.001324926900585
0.18353009223937988
0.9730265435753671
14.07817322530864
0.1708693504333496
0.9686584139386158
9.929870248538013
0.17400169372558594
0.9580789882914715
10.688585069444441
0.18007397651672363
0.9669937964991461
12.08175505050505
0.1644444465637207
0.9624666287853787
13.741319444444443
0.1842045783996582
0.9566818111547175
11.99346405228758
0.1896219253540039
0.9594171004740241
11.06108369883041
0.16618871688842773
0.9554129166377406
12.063230994152043
0.1827247142791748
0.975207230376258
15.432428728070178
0.18915152549743652
0.9878827069377253
12.383269371345028
0.17218732833862305
0.9848776491193293
12.535686728395067
0.19154071807861328
0.9884223793898067
11.30642361111111
0.1742842197418213
0.9840883294440615
11.331500771604938
0.17934250831604004
0.978553159579458
11.400888480392156
0.17957687377929688
0.9860083413114826
12.145543981481483
0.17414283752441406
0.9722897757108806
12.52218364197531
0.17722105979919434
0.9856208422572574
14.30324074074074
0.18905878067016602
0.9706151529652625
16.138310185185183
0.1750037670135498
0.9805921901481818
17.018563034188034
0.17748045921325684
0.9663954724190168
12.485795454545455
0.1896657943725586
0.9743601088047059
12.63816550925926
0.1872720718383789
0.9714309965211837
11.290640782828284
0.16927719116210938
0.9641216667504209
10.27488425925926
0.16765618324279785
0.9715648189505922
10.135850694444443
0.18578314781188965
0.9643717270119843
8.024739583333334
0.1873340606689453
0.9602116886276918
11.360918209876544
0.1866772174835205
0.9585885555396504
12.866753472222221
0.19044160842895508
0.9364316632707166
7.6085069444444455
0.1912553310394287
0.9636542509105979
7.529296875000001
0.18638992309570312
0.9587237188862576
7.636176215277778
0.19168353080749512
0.9530937698011148
13.513144841269844
0.1878221035003662
0.9421370874765717
11.684027777777775
0.17248296737670898
0.949447614634996
11.990017361111112
0.17043590545654297
0.9586300811696894
16.533203125
0.18567490577697754
0.9548313768922312
6.930941358024692
0.1712944507598877
0.9438225399626157
6.941344246031746
0.18552899360656738
0.9457114156888033
9.468315972222221
0.17068028450012207
0.956869653065985
11.566840277777779
0.17463922500610352
0.9454647486465521
7.186957465277779
0.17268610000610352
0.9669058718402593
11.770833333333334
0.16596198081970215
0.9504314669681277
13.581123737373737
0.16794872283935547
0.966792365895973
12.610677083333334
0.1693103313446045
0.9569129245176966
9.233217592592593
0.1656513214111328
0.9729950840557388
8.624493634259258
0.17669129371643066
0.9642114903464293
7.86892361111111
0.17480182647705078
0.956726160891365
8.187210648148147
0.18551397323608398
0.9495626873922504
15.211709104938272
0.17884087562561035
0.9426018452455234
5.144675925925925
0.1719965934753418
0.9680905002770327
13.493923611111112
0.17072057723999023
0.9625208203786053
12.279188368055554
0.19171619415283203
0.9642804257017233
8.84548611111111
0.18389630317687988
0.9654917317055651
7.716619318181819
0.17388534545898438
0.9389019289678789
11.031901041666666
0.17601227760314941
0.9667929545129612
8.86154513888889
0.18513154983520508
0.9434974356721696
10.515769675925926
0.1874246597290039
0.9560460785715512
5.612943672839506
0.19122648239135742
0.9469339856136743
6.846985479797979
0.18538260459899902
0.970228063777337
7.884114583333334
0.1638932228088379
0.9489457906203327
6.642361111111112
0.17236328125
0.9245131749687512
8.257137345679013
0.18490099906921387
0.9560302233986444
7.407118055555555
0.17100214958190918
0.9594677445728994
7.263695987654322
0.16575956344604492
0.9410049774750749
8.446180555555555
0.17331194877624512
0.9566352450555352
11.089409722222223
0.16720104217529297
0.9587982575663736
5.388888888888889
0.18325495719909668
0.9567427100844264
9.670138888888888
0.18764710426330566
0.9466236310415027
10.810185185185185
0.18242335319519043
0.9430048186915806
11.87282986111111
0.18635177612304688
0.934144677350554
8.352141203703704
0.1764519214630127
0.958087087660688
9.165426587301585
0.18407201766967773
0.9559489340497868
12.657490079365079
0.17017483711242676
0.9448741534062642
11.512896825396824
0.16716432571411133
0.9487338096420489
19.5751953125
0.1645660400390625
0.9361781697799023
11.50390625
0.1668548583984375
0.9563893218180783
7.302758487654322
0.16913771629333496
0.9726028934222679
8.296750992063492
0.1707015037536621
0.959204724269584
12.68825954861111
0.17479157447814941
0.9432320997677223
12.13888888888889
0.18827247619628906
0.9312167854743176
10.859375
0.18375635147094727
0.9386142810659931
9.482964409722223
0.16729211807250977
0.9543326709989178
5.847077546296297
0.1785440444946289
0.9423263683495368
6.821180555555555
0.188995361328125
0.9028880069527901
6.731770833333333
0.1723308563232422
0.9305578725256091
4.891493055555556
0.1877429485321045
0.9482169163249995
6.387028769841271
0.17143034934997559
0.9515448518281732
4.582248263888889
0.1863386631011963
0.9364214064605184
9.918077256944445
0.16930770874023438
0.9349415164218731
5.817418981481481
0.16454815864562988
0.9283416137800882
10.64453125
0.18876099586486816
0.9241121487208445
9.338831018518517
0.170302152633667
0.951994376587054
9.14207175925926
0.18702220916748047
0.9519944578685997
10.422867063492063
0.1875450611114502
0.9322051761563256
6.299370659722222
0.18427467346191406
0.9270943497513761
6.482638888888888
0.18520307540893555
0.9647456800055986
8.841869212962962
0.1668083667755127
0.9553649634672994
13.433159722222223
0.1852402687072754
0.9532634958502479
13.57266865079365
0.19069457054138184
0.9559781401530404
8.825954861111112
0.16786980628967285
0.9611278685476374
10.936957465277779
0.18824362754821777
0.9720540276361503
9.856770833333336
0.17117834091186523
0.9577600623071508
10.003100198412698
0.18568706512451172
0.9487232674611625
7.18822337962963
0.17537569999694824
0.9362850676912396
6.991319444444445
0.1654675006866455
0.9401448016765301
5.977430555555555
0.19031977653503418
0.9533239311805347
6.369667658730157
0.16773581504821777
0.9634866081090098
9.78244357638889
0.1846916675567627
0.9541288896202625
7.321566358024691
0.18078064918518066
0.9401500089621766
7.581845238095238
0.1693742275238037
0.9520436980904837
15.91525607638889
0.17500758171081543
0.9678340484709042
12.714120370370368
0.19068670272827148
0.9487885513949131
13.082079475308642
0.1726670265197754
0.952308911228389
8.871527777777779
0.18553853034973145
0.9411185165142916
9.411651234567902
0.18537521362304688
0.9629427812414347
10.872034143518517
0.1664273738861084
0.9521403801746006
12.866994598765434
0.16968226432800293
0.9799365706938026
12.314551767676768
0.1865401268005371
0.966119070702073
9.061316287878787
0.16785907745361328
0.955671219467257
12.875434027777779
0.18845558166503906
0.969720612266872
9.194637345679013
0.19249939918518066
0.9575890395743338
14.458705357142858
0.16925764083862305
0.9280844301395731
14.50665509259259
0.18149662017822266
0.9254225514491006
16.578993055555554
0.17133688926696777
0.951310672214127
9.608506944444443
0.19042348861694336
0.9512457496394714
9.468625992063492
0.16607117652893066
0.947934471442536
7.318328373015873
0.16639256477355957
0.9606770342084433
16.55009920634921
0.16797614097595215
0.9294733819859741
11.963541666666666
0.18873858451843262
0.9682448597881567
14.573412698412698
0.18509793281555176
0.9667658587743814
6.937692901234568
0.16737675666809082
0.9379617353969841
5.685221354166666
0.16984272003173828
0.9574297072263029
10.79812885802469
0.1716771125793457
0.9549636316662932
11.319444444444446
0.18680334091186523
0.9643217732113752
9.641685956790125
0.1778273582458496
0.963361194020127
12.761600378787877
0.17291617393493652
0.9745707821229643
18.46472537878788
0.1693418025970459
0.9388083298831353
11.870177469135802
0.18617844581604004
0.9455911010809046
13.40451388888889
0.17865276336669922
0.9456703279878185
11.754092261904763
0.18492341041564941
0.9427021446672909
9.754774305555555
0.16974997520446777
0.9343054745027253
6.681547619047619
0.18408918380737305
0.9563760526232717
9.863281249999998
0.1683976650238037
0.9776582904524083
10.554935515873014
0.17499637603759766
0.9650170958302161
6.9249131944444455
0.16872835159301758
0.9500470060003254
6.108217592592593
0.1705477237701416
0.9596939301638423
12.011408730158731
0.1725625991821289
0.9585854876199158
12.048177083333332
0.17039918899536133
0.9745886384856972
7.418077256944445
0.1782231330871582
0.9473440200717239
6.253797743055555
0.16964125633239746
0.9386642658981753
5.7688492063492065
0.16637492179870605
0.9389911363859507
11.919367283950617
0.17128419876098633
0.9635314945308893
9.29625496031746
0.1659688949584961
0.9642103474049445
13.462094907407407
0.16520357131958008
0.9665986504668457
14.2822265625
0.16599631309509277
0.9678505817514403
16.774384469696965
0.1886744499206543
0.9809726060247883
5.585317460317461
0.16999268531799316
0.9621850810885361
8.325892857142858
0.16898822784423828
0.9616284237118006
20.331721230158728
0.16965699195861816
0.9504832321952652
10.670814043209878
0.17818069458007812
0.9381191871461834
10.954378858024691
0.17734479904174805
0.9612044494543023
12.887249228395062
0.1676485538482666
0.9746349730735158
11.792534722222223
0.1789710521697998
0.9617792922340803
17.183702256944443
0.16649222373962402
0.9654903312798048
7.266927083333334
0.17155146598815918
0.9723118120342125
7.6991102430555545
0.1674957275390625
0.9669905732927554
13.186487268518519
0.18616867065429688
0.9558884026547313
11.129918981481481
0.18795466423034668
0.9634024285061257
11.442274305555555
0.17080092430114746
0.9696847939621478
8.400297619047619
0.1711418628692627
0.9536967528892092
7.707149621212122
0.1771540641784668
0.9590558107632196
8.759864267676768
0.16671490669250488
0.9603364888538185
8.003472222222223
0.16863393783569336
0.9592787796959813
6.729403409090907
0.170318603515625
0.9548081054626995
11.167052469135802
0.17778372764587402
0.9577885466552783
12.452256944444446
0.19101977348327637
0.9547766238166271
9.81494633838384
0.16928815841674805
0.9653249821790287
11.317471590909092
0.18719029426574707
0.949815423794437
5.3868272569444455
0.18768668174743652
0.943962809761771
13.638020833333334
0.1895005702972412
0.9456054065005812
7.668788580246915
0.1767570972442627
0.9591317753384505
16.994047619047617
0.16550588607788086
0.9545998886062111
12.511351495726498
0.17806458473205566
0.9537443816126981
9.35391865079365
0.16659235954284668
0.9591763686723136
10.949218749999998
0.16767287254333496
0.9613513188214017
15.695064484126984
0.17034268379211426
0.9558152689628205
12.94518849206349
0.16617512702941895
0.9613068073135632
11.096281828703702
0.1659839153289795
0.948725631535229
6.840277777777778
0.18301820755004883
0.9801421384982599
9.096788194444445
0.16965436935424805
0.9481765816762915
13.19207702020202
0.17451214790344238
0.9666902621617289
13.786892361111112
0.18780851364135742
0.9490657685682372
10.158587072649574
0.1719353199005127
0.9685927425196544
12.451171874999998
0.16935062408447266
0.9714926906553422
12.393391927083334
0.16679072380065918
0.9800056528367157
6.984592013888889
0.18593168258666992
0.9661536819044955
8.900945216049381
0.18558740615844727
0.9615009650545895
12.697679924242424
0.16936016082763672
0.9568893022396597
7.530381944444445
0.18913626670837402
0.9597132427830751
15.422743055555557
0.18735194206237793
0.9776019129801109
9.409288194444445
0.17458415031433105
0.9767293826947527
12.473476080246915
0.18840694427490234
0.9807048047703406
9.789062500000002
0.18919682502746582
0.9602304279161408
11.440104166666668
0.18581199645996094
0.9357948637520235
13.12437996031746
0.17254853248596191
0.9518605871482863
9.949363425925926
0.18576622009277344
0.9432005510101483
10.044704861111112
0.1879420280456543
0.947142855149821
8.254340277777777
0.17191863059997559
0.9635237041326833
6.527777777777778
0.16494131088256836
0.9375710899096384
10.573640046296298
0.1872234344482422
0.9767335410635697
12.36731150793651
0.16971230506896973
0.9658934312959672
12.357313368055555
0.1889808177947998
0.9674840625380987
11.347222222222223
0.18743181228637695
0.9727322417782133
16.526988636363633
0.1796886920928955
0.947315809146727
12.0390625
0.16546869277954102
0.9685862672413906
12.493489583333334
0.16404461860656738
0.9340696311903741
8.8995422979798
0.1640775203704834
0.9669338381751685
11.153549382716047
0.1846446990966797
0.9548218965616933
9.22506313131313
0.16872906684875488
0.9479430771349783
5.4494598765432105
0.1846301555633545
0.9672499834821835
6.771375868055556
0.18877553939819336
0.9520298659194679
9.363219246031747
0.1892087459564209
0.9535457798234359
11.732855902777777
0.16967415809631348
0.9833096740991478
8.31271701388889
0.18557953834533691
0.9678340821133335
8.037651909722221
0.18521523475646973
0.9585179450502032
9.071180555555555
0.18538618087768555
0.9459159397936489
15.522017045454545
0.16668057441711426
0.9547648676238949
8.180555555555555
0.1872265338897705
0.9658703691773992
8.364149305555555
0.1849668025970459
0.9547672553411434
9.821325231481483
0.1667037010192871
0.9631355718304107
6.641493055555555
0.17947745323181152
0.9547573464888145
10.115017361111112
0.16881036758422852
0.9546894373843059
9.575376157407407
0.1897597312927246
0.9672647398655874
10.442708333333334
0.16668057441711426
0.9724233819497293
15.38302951388889
0.16661858558654785
0.9530744583032257
11.302083333333334
0.16751551628112793
0.9679215419674116
15.06076388888889
0.16652417182922363
0.9584416706977713
12.215470679012347
0.1734480857849121
0.9641602265286474
9.761284722222221
0.18741655349731445
0.9581568146215357
9.785879629629628
0.1848888397216797
0.9477085858976848
8.442460317460318
0.17034101486206055
0.9221529009172027
18.608940972222225
0.16945433616638184
0.9300516343559823
14.242621527777779
0.1777942180633545
0.9585483535950722
15.15438988095238
0.18843770027160645
0.9070828304305316
11.571180555555555
0.16544866561889648
0.9482830121365855
14.955977182539684
0.18345093727111816
0.9383573190482501
13.046875
0.1688082218170166
0.9730570907041494
11.583236882716047
0.19343948364257812
0.9447279287720464
9.840856481481483
0.17249131202697754
0.9595529715392977
8.75048225308642
0.18996715545654297
0.947824242806144
12.34157986111111
0.16919589042663574
0.9428493247877074
12.501578282828284
0.1685042381286621
0.9598506364192405
17.09418402777778
0.16546416282653809
0.9625554828050331
10.083333333333332
0.16939091682434082
0.9532647523003749
9.39670138888889
0.19191408157348633
0.9526500029639139
7.899305555555556
0.1702878475189209
0.9445899903011056
7.042824074074074
0.1665511131286621
0.966208269644802
10.29123263888889
0.1835472583770752
0.9699958142633903
11.779513888888893
0.16755270957946777
0.9556246387210169
9.33345734126984
0.18330883979797363
0.9565830387896521
10.25173611111111
0.17563676834106445
0.9662494818953161
13.117503156565654
0.17850136756896973
0.9543177170593949
8.76247829861111
0.1667490005493164
0.9691314105770559
10.468749999999998
0.16760778427124023
0.9507122843632082
6.4930555555555545
0.16452550888061523
0.9423653745854281
15.535481770833334
0.16762518882751465
0.9766202152570519
10.111607142857142
0.17058014869689941
0.9604673855700813
12.030707465277779
0.1684434413909912
0.950867036072656
8.56021148989899
0.16865229606628418
0.937976155568508
11.173502604166668
0.1664745807647705
0.9762766265832925
11.464646464646464
0.1842656135559082
0.9677510655538366
11.012731481481481
0.16943931579589844
0.9812017970253973
13.6640625
0.16993331909179688
0.9703322242856911
13.178530092592593
0.1786057949066162
0.9810372997796933
14.918258101851855
0.16589641571044922
0.955214657204777
12.591145833333334
0.1877002716064453
0.9433658556328424
13.310185185185185
0.16518068313598633
0.9594954495109292
13.062263257575756
0.17881393432617188
0.9657790160731335
13.387948495370368
0.1734616756439209
0.9852986093427271
9.29470486111111
0.22336030006408691
0.9831174031174031
7.307844065656567
0.16646885871887207
0.9654472451741002
9.00347222222222
0.16626930236816406
0.9769794347850372
10.348307291666666
0.18213987350463867
0.9801658011276885
10.223834325396824
0.166090726852417
0.9648488317908609
7.885561342592592
0.17478561401367188
0.9510146367597642
16.17892795138889
0.17899584770202637
0.9389245151539004
12.157118055555555
0.16744685173034668
0.9528837964792726
11.085069444444445
0.16631102561950684
0.9227531937035526
13.10818142361111
0.17891526222229004
0.9278818912642441
8.62943672839506
0.1687180995941162
0.9609664137151299
17.119020061728396
0.16669845581054688
0.9445532651596872
12.028211805555554
0.165879487991333
0.955831597315668
12.306315104166666
0.1785430908203125
0.9463224095902999
14.218750000000002
0.18269705772399902
0.9736191839651092
10.461877893518519
0.1848762035369873
0.9623364967214355
11.871327457264954
0.1758568286895752
0.9605165485962925
13.691603535353535
0.17476439476013184
0.9521630673578133
8.226495726495727
0.16740942001342773
0.9596427355119789
11.542376893939394
0.16751670837402344
0.9590273951958497
11.339699074074076
0.17018604278564453
0.9699847083672127
8.127893518518517
0.16889047622680664
0.9788231736479862
8.479324494949493
0.1769566535949707
0.9606789619399346
16.769593253968253
0.17435336112976074
0.9593536902392014
11.839843749999998
0.16809606552124023
0.9542294878838902
7.91232638888889
0.16738033294677734
0.9517147519549976
6.853298611111111
0.169572114944458
0.9369132704619864
12.56032986111111
0.16631531715393066
0.9470893928397921
7.007181186868687
0.18689990043640137
0.9538946743374004
5.611496913580247
0.167649507522583
0.9600123692742435
5.764322916666667
0.17063522338867188
0.9458689535314923
7.199074074074074
0.16609621047973633
0.95190795926666
10.794994212962962
0.16638946533203125
0.936546542024803
5.536024305555556
0.18474888801574707
0.9477488329699161
15.496238425925926
0.16631460189819336
0.9537048826014344
7.901475694444445
0.17914056777954102
0.9322523030432833
15.041956018518519
0.1680922508239746
0.9084508471584136
16.018105158730158
0.19724202156066895
0.9597047692741436
12.19184027777778
0.1655592918395996
0.9586849460355154
10.441524621212123
0.1689746379852295
0.9685589609282953
11.82421875
0.16693425178527832
0.9898837848837849
14.94097222222222
0.1700000762939453
0.9634712516236653
10.622632575757578
0.1660466194152832
0.9732045365093037
13.959122474747476
0.16806268692016602
0.9633901314775927
11.478174603174605
0.16677331924438477
0.9572369265151116
14.96267361111111
0.16697216033935547
0.9732083690883998
9.090401785714286
0.16598725318908691
0.9544326603611458
16.175672743055554
0.16524648666381836
0.9542694325039268
9.438368055555555
0.18721675872802734
0.9470021886368372
8.285256410256409
0.17481088638305664
0.9302069983042414
7.591934974747474
0.1874401569366455
0.9572855694764992
7.081597222222221
0.16766357421875
0.9498652861700189
9.176014957264957
0.18166470527648926
0.958188725991749
7.35546875
0.16722536087036133
0.9718525203006941
5.130208333333334
0.16573166847229004
0.9401897761266975
9.53298611111111
0.16639161109924316
0.9575019479302215
9.04747596153846
0.16536545753479004
0.9588232499512706
7.798477564102566
0.16715764999389648
0.9437004506786265
11.20620265151515
0.16655635833740234
0.9557972242414261
9.212042297979798
0.165083646774292
0.9691829729583198
9.326636904761903
0.18426966667175293
0.9605933910804462
7.539062500000002
0.16829347610473633
0.9464366736490041
7.975427350427351
0.1671597957611084
0.9536178724960875
13.148279671717175
0.1687467098236084
0.9390446125270008
14.824719551282053
0.16589713096618652
0.9685507277025868
14.29214015151515
0.17035245895385742
0.9481765055387068
14.624204282407407
0.16591763496398926
0.9662086160535004
12.328725961538462
0.16972899436950684
0.9676369401865113
12.16331845238095
0.16992855072021484
0.9575421538231182
8.201264880952381
0.17456912994384766
0.9711522440922545
9.965277777777779
0.1678149700164795
0.9661260604877652
8.045691287878789
0.16525053977966309
0.9691716997451496
8.960865162037036
0.1689004898071289
0.9569222308902009
10.858980429292929
0.1690502166748047
0.9565557117198937
11.949452457264956
0.16636443138122559
0.9327597766349766
10.610894097222221
0.1665358543395996
0.9397660248766189
9.481534090909092
0.166365385055542
0.9516959307431747
6.813802083333333
0.16842079162597656
0.9586165645679517
9.43967013888889
0.1652975082397461
0.9570231873001126
11.034722222222223
0.16732287406921387
0.9583524558097614
9.219835069444445
0.16690897941589355
0.9476591823403344
9.518229166666668
0.16846108436584473
0.9436962668044119
8.41623263888889
0.1650691032409668
0.9427463719157227
5.037434895833333
0.16620945930480957
0.9420569933222951
7.795472756410256
0.16637182235717773
0.9671605517131918
6.503708964646464
0.1681385040283203
0.9664949017978774
9.930555555555555
0.16688871383666992
0.9744383743839273
9.774700126262623
0.16530370712280273
0.9446582082585304
9.996054292929294
0.16745758056640625
0.9618481332293604
6.442418981481482
0.18536376953125
0.9328321849191334
9.551866319444445
0.16788387298583984
0.9489880954322482
7.191840277777778
0.18804097175598145
0.9219584774047139
4.949156746031746
0.16534090042114258
0.9187976309609437
6.335841049382716
0.16672706604003906
0.9350764003738993
5.450906635802469
0.19092178344726562
0.9474104357748849
12.495993589743591
0.16641020774841309
0.9413018359720786
17.843671085858585
0.1770474910736084
0.9347863966265616
9.714023919753087
0.16899609565734863
0.9691179855938573
9.842881944444445
0.16950726509094238
0.945559543885735
8.486173115079366
0.16961455345153809
0.9442831233261721
8.233024691358027
0.16519689559936523
0.9743939746839942
7.120466820987654
0.18011760711669922
0.9474922367678055
8.02565586419753
0.1856379508972168
0.9645430321787092
9.789496527777779
0.16783428192138672
0.9485639397802589
9.019097222222221
0.16899394989013672
0.9483901916471221
7.023111979166665
0.16632890701293945
0.9378852005468137
9.702148437499998
0.16669082641601562
0.9651599573052416
13.19344284188034
0.1654646396636963
0.9771796696484603
16.2921626984127
0.16756987571716309
0.9682390132390132
16.207682291666668
0.16605639457702637
0.9529178888426226
17.818080357142858
0.16737699508666992
0.9643253669333517
10.62748015873016
0.16686367988586426
0.9550899039698412
7.332589285714286
0.16840076446533203
0.9601013644955444
12.2265625
0.17055892944335938
0.9561178713741202
8.787977430555557
0.16775941848754883
0.9503957440655422
6.894965277777777
0.18052983283996582
0.9548148688695375
8.361347853535355
0.16655468940734863
0.9532730305373003
12.40761408730159
0.16934537887573242
0.9556924532452352
14.050719246031745
0.16893315315246582
0.9204674658488557
8.63474151234568
0.16590380668640137
0.9746595975057228
12.04737103174603
0.16519618034362793
0.9540444537475044
13.63088348765432
0.16817927360534668
0.9453078836371985
15.22316261574074
0.18607282638549805
0.960468657587045
10.599352904040403
0.16958284378051758
0.9612230437910853
14.8704594017094
0.1742393970489502
0.9514171693807799
11.781183226495727
0.16742920875549316
0.9630489367419179
9.538928952991451
0.16778898239135742
0.9561003882799332
8.895900106837605
0.17789983749389648
0.956429304624623
7.005208333333334
0.17037105560302734
0.951591949746056
6.911300505050504
0.16739869117736816
0.9810456211825315
7.396918402777778
0.16894769668579102
0.9643581832340848
10.67240918803419
0.16828608512878418
0.9444336444006104
11.953848379629632
0.16820311546325684
0.9444355160274217
10.022490530303031
0.18569636344909668
0.9454564214409106
13.405934343434346
0.183882474899292
0.9485642486108177
8.053144290123457
0.16791224479675293
0.9398879084636351
15.231119791666668
0.18770623207092285
0.9614268130238217
14.553385416666666
0.18886995315551758
0.9505923417254759
6.554301697530864
0.18614888191223145
0.9531024580467695
10.560205853174605
0.17824101448059082
0.9654182953601127
12.751341540404042
0.1854231357574463
0.9445751750074812
9.093276515151516
0.18825888633728027
0.9461422053836913
9.505750868055557
0.18754005432128906
0.9211070768262669
9.193672839506172
0.16888189315795898
0.9356897027044464
6.414930555555555
0.16891932487487793
0.9540380040720304
7.18625992063492
0.1674952507019043
0.9382152952975767
6.9093276515151505
0.1683049201965332
0.9640533593051904
9.476128472222221
0.16622066497802734
0.9453013804801372
12.71749614197531
0.18374872207641602
0.9558828687553286
8.681278935185187
0.16488289833068848
0.9526523532896799
13.059895833333332
0.1662144660949707
0.9541116228932024
9.165364583333332
0.1669459342956543
0.9574647217297334
8.121021412037036
0.16792511940002441
0.9520007008742586
7.5193339646464645
0.18097996711730957
0.9596034751224816
5.725260416666667
0.17771005630493164
0.9572696444085014
16.738873106060606
0.1704387664794922
0.9573267016760857
11.923285590277779
0.16521954536437988
0.9574426483886416
6.897786458333333
0.16497445106506348
0.968631671988512
6.115845959595961
0.18821406364440918
0.9357360366195623
10.398491753472221
0.16789484024047852
0.9595042085991259
10.509620949074074
0.16651654243469238
0.9468799898640746
6.88131313131313
0.1746506690979004
0.9781291562225677
9.480744949494948
0.16454672813415527
0.950125454316479
8.844039351851853
0.16661667823791504
0.9349861267220201
6.521434294871795
0.16870880126953125
0.9495647832711573
4.730592757936507
0.1658763885498047
0.936909754687924
5.980034722222222
0.1703782081604004
0.9544604935845431
8.603098290598291
0.16542768478393555
0.9328699444327183
9.831090856481481
0.16811251640319824
0.9408207252124079
10.552884615384613
0.1750795841217041
0.9377020545889666
12.02126736111111
0.16626954078674316
0.9312645086506922
7.660047743055555
0.16436409950256348
0.955231994179545
11.738083964646465
0.18834567070007324
0.9544413133888321
5.889274691358025
0.1677849292755127
0.9645111801293724
9.264914772727273
0.18056917190551758
0.9764136947560549
10.609085648148147
0.1672344207763672
0.9502135783297462
15.606455176767675
0.1922004222869873
0.9507341763404794
6.366319444444445
0.1668548583984375
0.9574786737441536
8.158854166666668
0.1663072109222412
0.9494737164795809
8.717447916666666
0.1659543514251709
0.9575797281291805
8.082837301587302
0.17099881172180176
0.9602219613708701
9.08275462962963
0.16613221168518066
0.9396676935761032
8.108072916666666
0.16607022285461426
0.938126038076349
10.047309027777779
0.18804264068603516
0.9332050568941469
11.850818452380953
0.16711044311523438
0.9444124130198698
14.327799479166666
0.16553473472595215
0.9295321672536049
6.809353298611111
0.16664838790893555
0.9505396214761539
8.573676215277779
0.1850299835205078
0.9525028603606454
5.530478395061728
0.1710371971130371
0.96011722702616
6.978298611111112
0.17391228675842285
0.950045855061335
5.3627232142857135
0.16843795776367188
0.9560422527310573
3.9713541666666665
0.1858372688293457
0.9544797648405213
6.388346354166667
0.1666717529296875
0.9207990075592364
11.11545138888889
0.1677236557006836
0.9561411496860414
6.022135416666667
0.17054343223571777
0.927114011929386
9.335214120370368
0.16896343231201172
0.9248389113687974
6.420717592592593
0.16981768608093262
0.9479680064927016
15.76736111111111
0.16715741157531738
0.9365162024820158
10.650318287037036
0.1659688949584961
0.956603568901956
13.57277199074074
0.1670083999633789
0.9636847442110598
9.862351190476192
0.18550801277160645
0.9512978406028691
7.036458333333333
0.16921782493591309
0.952588630708519
5.433407738095238
0.18075013160705566
0.9659777608410349
9.752604166666668
0.1672501564025879
0.9722211307858486
7.966037326388889
0.16738271713256836
0.9157954019160918
6.471354166666666
0.18321776390075684
0.9347523958818312
5.030381944444445
0.16828298568725586
0.944728237409397
4.7421875
0.18607568740844727
0.9372419410970136
3.7250434027777777
0.1684732437133789
0.9451927408294225
5.99464699074074
0.1690213680267334
0.9428145493797668
3.076171875
0.16658449172973633
0.9370273903665557
10.064019097222221
0.16690731048583984
0.9223521851711508
7.431640625000001
0.17413687705993652
0.9269353256193267
7.69655257936508
0.16753745079040527
0.9464422384767212
5.415219907407407
0.17389535903930664
0.9652503144934549
10.524450231481481
0.17017340660095215
0.9361895358586125
15.119667658730156
0.1678636074066162
0.9582970200079898
8.0712890625
0.16675972938537598
0.9267833048748828
7.278645833333333
0.1653459072113037
0.9297133853296926
4.759114583333333
0.16908478736877441
0.9586993585210902
7.730034722222222
0.16657567024230957
0.9511503143274556
11.820436507936508
0.16743755340576172
0.9517195076655279
11.917100694444443
0.1662452220916748
0.9487157092236729
11.97319878472222
0.16753053665161133
0.9647387371224136
9.43204365079365
0.16717886924743652
0.9303015124730074
11.499565972222221
0.16981244087219238
0.9657018876509131
19.986979166666664
0.16661453247070312
0.9384404837256154
10.524631076388888
0.1664884090423584
0.9227600436717046
10.244020061728397
0.1683669090270996
0.9372670066788158
7.998589409722222
0.16867709159851074
0.9383195254758381
8.645833333333336
0.16551661491394043
0.9492668026731749
8.426890432098766
0.16456055641174316
0.9669905288841091
9.293774801587302
0.1670684814453125
0.9556832416228479
8.739459325396824
0.16790032386779785
0.9511307909137059
9.746093749999998
0.17540717124938965
0.959435554973462
13.60329861111111
0.16585302352905273
0.9504292539983124
7.459852430555555
0.16621637344360352
0.9104005060961582
7.9930555555555545
0.14056754112243652
0.9149857448255617
18.515625
0.18604087829589844
0.8941137471823747
8.714192708333334
0.16830921173095703
0.9385447677475348
8.10474537037037
0.16574931144714355
0.9400439283817594
9.076967592592593
0.16983604431152344
0.9189978567747331
7.450520833333333
0.16518926620483398
0.9356432374438448
8.368598090277777
0.1660594940185547
0.9151563599127069
7.340277777777779
0.1680452823638916
0.9113980010501308
7.525173611111112
0.1698155403137207
0.9486647843094276
9.576822916666664
0.17086482048034668
0.9445448189187021
9.044053819444446
0.16816115379333496
0.9422307380248952
14.773341049382717
0.18349647521972656
0.9532874362870681
11.752852182539684
0.1680889129638672
0.9580053098208455
6.809895833333335
0.16768193244934082
0.9532898926798629
9.954969618055557
0.1663341522216797
0.9310840084433892
4.8321759259259265
0.17946720123291016
0.9487138449823296
10.480324074074074
0.16920065879821777
0.958093074956586
12.14048032407407
0.16648602485656738
0.9494065112831966
13.046875
0.1654801368713379
0.9525559126002298
10.16579861111111
0.16675543785095215
0.9745059006512908
8.363172743055555
0.17668747901916504
0.9748181261487715
6.543692129629629
0.16718363761901855
0.9746242090052121
5.772569444444445
0.16441035270690918
0.9615993754937027
7.199797453703703
0.16750669479370117
0.9539806815151642
11.431671626984127
0.16817736625671387
0.9450373035921191
12.907118055555554
0.18836474418640137
0.9411751745206945
7.797067901234568
0.1679387092590332
0.9664847749116763
12.75028935185185
0.17033648490905762
0.9605288258755073
4.170283564814815
0.1681046485900879
0.9684696913346339
8.726369598765432
0.1865088939666748
0.9588549421952277
4.311631944444445
0.16521286964416504
0.9465896352707946
4.836516203703703
0.1681957244873047
0.9519305241499291
5.1568700396825395
0.16919851303100586
0.9313345758225691
9.330729166666668
0.1691150665283203
0.9543389341394479
5.2748842592592595
0.16891694068908691
0.9636462810841205
8.817584325396826
0.16468262672424316
0.9445169446030222
8.541666666666668
0.1676170825958252
0.9612860260299079
7.428819444444445
0.16673588752746582
0.9538152528166761
12.76953125
0.18877840042114258
0.9531604107005504
14.131510416666668
0.18562054634094238
0.964229696396879
14.869791666666668
0.1679396629333496
0.9704180988371875
14.837239583333336
0.1702423095703125
0.9899230695862573
7.083815586419753
0.16521477699279785
0.9755391600286089
5.250000000000001
0.16704845428466797
0.9625173205406962
7.328125
0.1666572093963623
0.9328138143715354
7.919146825396825
0.16796326637268066
0.9453071993711102
8.450520833333334
0.1676490306854248
0.9274991589313474
7.282986111111112
0.1665811538696289
0.9448244398975949
10.874565972222221
0.16875052452087402
0.9542305533296389
7.487521701388888
0.1645805835723877
0.93391814876722
9.2236328125
0.16595816612243652
0.9500476811715951
13.641059027777777
0.16387319564819336
0.9601331500510707
12.295464409722221
0.16997385025024414
0.9509250844679392
11.36166351010101
0.16704893112182617
0.9633080367740187
8.444207702020202
0.16438817977905273
0.9488912408038003
8.978587962962964
0.16446924209594727
0.9482454087208568
7.486190025252526
0.16641879081726074
0.9631644385816399
11.165561868686867
0.16730785369873047
0.9554253504043515
9.305555555555554
0.16644287109375
0.9646389201806744
8.73220486111111
0.1671738624572754
0.9663287997689588
8.609483506944445
0.19377660751342773
0.973241772138134
9.82595486111111
0.16751527786254883
0.9585321766136022
9.704378858024691
0.18836569786071777
0.9729410903095114
6.345486111111111
0.18948626518249512
0.9660701426664424
8.579545454545455
0.16747713088989258
0.9667619565400869
6.4491705246913575
0.17102932929992676
0.8904855514023429
7.131618923611111
0.16724538803100586
0.9168623526655565
12.335689484126984
0.16744494438171387
0.936034538896608
11.579861111111112
0.18739938735961914
0.9461811582919186
8.482349537037036
0.16956639289855957
0.9092911250145598
17.898065476190478
0.16884613037109375
0.9346528860042114
12.42947048611111
0.18612432479858398
0.9538553308200957
13.132716049382715
0.18867802619934082
0.975194900870352
11.424005681818183
0.17523527145385742
0.970063636263893
15.378327546296298
0.17830324172973633
0.9668567874980388
7.351948302469135
0.16823458671569824
0.9640966708866394
8.23263888888889
0.1697373390197754
0.967156508868658
7.6743344907407405
0.16913604736328125
0.9598413521418657
7.016369047619048
0.16581130027770996
0.9626510057624694
7.085744598765432
0.16742157936096191
0.9545633823152363
9.108506944444445
0.18970370292663574
0.9533813433255353
7.261284722222221
0.16785049438476562
0.954056192986084
12.49565972222222
0.1673879623413086
0.9621445295284302
12.591869212962964
0.1645030975341797
0.9806565470275134
7.882339015151515
0.16726160049438477
0.964016787730417
8.187313988095237
0.16772961616516113
0.9753858276661822
9.253472222222223
0.18626832962036133
0.957410228392934
15.241608796296296
0.1698439121246338
0.9347691727568656
7.107514880952381
0.1808009147644043
0.9221372220931593
7.536892361111112
0.1690824031829834
0.962401038419167
11.772411616161616
0.17602276802062988
0.973889412325945
7.617621527777779
0.1692972183227539
0.9680018561272108
6.650752314814815
0.18810415267944336
0.9612948031488499
6.435908564814816
0.18739986419677734
0.9697199136539776
7.919077932098763
0.17165088653564453
0.9702232267009975
7.464192708333333
0.16748881340026855
0.9473086985308538
8.745225694444446
0.17038273811340332
0.9608496265830185
14.28937815656566
0.16869592666625977
0.9761164451005158
13.446180555555555
0.17438983917236328
0.963080952199181
12.389756944444445
0.17525148391723633
0.9587667768480316
9.695638020833334
0.16924428939819336
0.9515397848694372
10.389623397435896
0.16960549354553223
0.964620214771984
7.817508012820512
0.16823792457580566
0.9701637995407109
8.258213141025642
0.17242121696472168
0.968643095962373
11.921296296296298
0.16737818717956543
0.9517165467037098
8.383969907407407
0.16721749305725098
0.9393763713458256
5.361426767676767
0.17016100883483887
0.9638876916219662
7.610243055555555
0.16575288772583008
0.9612444562086099
10.694444444444445
0.1668384075164795
0.9642740813706648
12.256634424603176
0.1660139560699463
0.9639405285644637
14.469618055555554
0.18572354316711426
0.9541017892143983
9.385127314814817
0.16831493377685547
0.9233437454858381
10.76980744949495
0.1795668601989746
0.9431677302765441
6.91445707070707
0.17362594604492188
0.9479600882684546
9.08029513888889
0.16743969917297363
0.9782174422974278
10.459526909722221
0.17040348052978516
0.9768833521229155
8.379991319444445
0.16841650009155273
0.9645652040853278
12.524112654320986
0.1700754165649414
0.974927337669273
8.751085069444445
0.16713786125183105
0.9490174778639774
9.10373263888889
0.1665337085723877
0.9496629240011594
8.74855324074074
0.1687946319580078
0.9552586554980669
7.328016493055555
0.16716718673706055
0.9452482985943315
8.778935185185185
0.16842031478881836
0.9687119835976868
7.981376262626262
0.16646766662597656
0.9646455448232547
10.390624999999998
0.16705083847045898
0.9348356031441055
7.114438657407408
0.1675403118133545
0.9559945398767833
8.974454365079366
0.17368006706237793
0.959417105282108
7.972728587962962
0.16626381874084473
0.9465043013951798
12.747395833333334
0.1674485206604004
0.9527080275031327
14.016729797979798
0.16695499420166016
0.9510893589680444
8.080729166666666
0.1835496425628662
0.9774079667923362
7.42069128787879
0.16695404052734375
0.9594871322475041
6.581669560185186
0.168548583984375
0.9545752226374721
8.80685763888889
0.16788148880004883
0.9380329717148912
5.3977272727272725
0.1661665439605713
0.9492124961077734
7.154224537037038
0.16711974143981934
0.9643287763175793
8.211805555555554
0.16683697700500488
0.9645168841691117
7.9075915404040416
0.168107271194458
0.9712465501939184
7.969292534722222
0.1669178009033203
0.9423558034508642
8.638117283950617
0.18680167198181152
0.9339548658321603
10.103804976851851
0.16997432708740234
0.9558638576274692
6.319986979166667
0.16847729682922363
0.9575344928429239
5.810391865079366
0.1682746410369873
0.9582049079273084
7.409396701388889
0.16690874099731445
0.9749612035969772
11.395709325396824
0.16683030128479004
0.9602349426796393
7.268663194444445
0.1763138771057129
0.9739205597795082
10.81076388888889
0.16551446914672852
0.9822205563761749
10.261656746031743
0.1671299934387207
0.9726434309318901
10.885127314814815
0.16776609420776367
0.9620752235260788
12.062174479166668
0.16784310340881348
0.9585075267924257
12.275028935185183
0.1678321361541748
0.9608117799402045
9.131462191358024
0.18639373779296875
0.9545211855123746
19.080255681818183
0.16863656044006348
0.9480489076877772
9.932364004629628
0.16629552841186523
0.9622226415510478
7.829193376068376
0.16962790489196777
0.9659608057959412
7.26154003267974
0.18508410453796387
0.9541338142329947
7.9621253654970765
0.16884231567382812
0.965716001742488
4.141555059523809
0.16596317291259766
0.9558289916893706
8.043891059027777
0.19018840789794922
0.9537482716469022
9.808485243055555
0.1672048568725586
0.9507838171892019
8.641493055555555
0.16631770133972168
0.9581784306962174
7.906802398989897
0.16976451873779297
0.9563140009594916
6.168718434343435
0.16397476196289062
0.953735476401935
5.512152777777777
0.16495966911315918
0.9659140560715197
9.520991161616163
0.16670608520507812
0.9562117406970346
8.798225308641976
0.16896891593933105
0.9485218385851442
6.436631944444445
0.17144370079040527
0.9663549692961457
6.399305555555555
0.16689729690551758
0.9368906446323303
8.892144097222221
0.18225932121276855
0.9677525468766458
8.7109375
0.1710062026977539
0.9577836503665241
8.161695075757576
0.16623258590698242
0.9368355012471957
11.577932098765432
0.16578173637390137
0.9301897409341359
5.807725694444445
0.1670055389404297
0.9150704973917235
9.37596450617284
0.1770789623260498
0.9481610457016333
6.30931712962963
0.16787934303283691
0.9504206791539985
8.163519965277777
0.1709747314453125
0.9520054305791832
5.025077160493827
0.1869523525238037
0.9324513176721977
9.953559027777777
0.16702699661254883
0.9454467078071694
8.366052350427351
0.1871039867401123
0.9572721924192512
6.066623263888888
0.17059588432312012
0.952762763173546
7.697241512345678
0.18465042114257812
0.9669105753396509
5.515625000000001
0.16855168342590332
0.9719890192905962
12.668306327160495
0.18495845794677734
0.9717220410484168
20.949797453703702
0.16655468940734863
0.9259374211177414
11.258198302469134
0.1684589385986328
0.9591845203334822
10.063657407407408
0.1665940284729004
0.9559025131102767
7.421151620370369
0.16594219207763672
0.9380862534921948
7.887468434343436
0.1862778663635254
0.9542105860258847
5.644965277777779
0.1695852279663086
0.964735357970652
7.556061921296295
0.17514681816101074
0.9503744573934312
10.603780864197532
0.18798494338989258
0.9620369975633133
11.200284090909092
0.18177223205566406
0.9822775580670318
6.5427714646464645
0.18621349334716797
0.9465355610983578
9.423137626262626
0.1667027473449707
0.9698001192024298
7.750651041666667
0.16634392738342285
0.9570932219330295
13.16372863247863
0.17160511016845703
0.9447864358153141
9.187578914141413
0.1664130687713623
0.9445017236495754
9.957780934343434
0.1694023609161377
0.9467084611348056
15.049321338383841
0.18791747093200684
0.9733362035827976
8.551793981481483
0.17385220527648926
0.9518460694284823
10.3149112654321
0.18328619003295898
0.9699263120629216
11.180989583333334
0.1686391830444336
0.9563871001065836
7.944878472222224
0.1677083969116211
0.9717188511669212
5.975378787878787
0.17502188682556152
0.9501690057485438
9.095219017094017
0.16674542427062988
0.9638119025876261
9.027777777777779
0.16707229614257812
0.9460670536216048
8.49392361111111
0.1683807373046875
0.9614490971307936
7.504340277777777
0.17572975158691406
0.9625566640456034
6.188151041666667
0.1698780059814453
0.9555443029445878
4.599392361111111
0.16620802879333496
0.9705723083618754
6.9969223484848495
0.18967843055725098
0.9562028964726219
5.712239583333333
0.16738104820251465
0.9292257196232306
7.441998106060606
0.18866777420043945
0.9555167265035683
5.025559413580247
0.17803072929382324
0.9443780338196256
11.396604938271604
0.16449904441833496
0.9237260627204118
9.368179563492063
0.16692709922790527
0.9603157888331185
11.202690972222221
0.1741166114807129
0.9571608334437844
14.496133207070706
0.1732332706451416
0.9428055495374955
17.393422067901234
0.16783905029296875
0.9474279614886915
9.898726851851853
0.16653895378112793
0.8786464354974225
8.943383487654323
0.16605210304260254
0.9074224599669022
9.78587962962963
0.17559123039245605
0.9364369851170762
5.895061728395062
0.169281005859375
0.9466647147203552
7.938368055555555
0.1713268756866455
0.9322720718270253
10.277777777777777
0.16953730583190918
0.9227345288120878
10.56936553030303
0.16715502738952637
0.9480961494929647
8.828848379629632
0.18776559829711914
0.9603437903535673
8.155381944444445
0.16829776763916016
0.943096828642281
7.223958333333332
0.16556096076965332
0.9411489088908583
9.585503472222223
0.16829872131347656
0.9408350016600519
10.117766203703704
0.1889209747314453
0.9384746769844364
7.431485615079363
0.17886853218078613
0.9399058930455291
9.13375289351852
0.16722536087036133
0.9396301981550583
8.45920138888889
0.16840195655822754
0.9284511893346477
10.035116792929292
0.16623258590698242
0.9287011818734283
8.001302083333334
0.16639399528503418
0.9702522185891104
7.091083829365078
0.16518449783325195
0.9619566173916138
6.7824074074074066
0.1685032844543457
0.9552869630224298
7.682020399305555
0.16634774208068848
0.9745602300765817
8.23215060763889
0.16603803634643555
0.9661853155438912
9.080627042483659
0.1668694019317627
0.9410199677839282
6.701099537037038
0.16767215728759766
0.9459079486632128
8.928261408730158
0.18179559707641602
0.9590840150829005
9.178685897435898
0.18929529190063477
0.9562733123496197
14.489776234567902
0.1701064109802246
0.9710342911651961
8.73201884920635
0.16859674453735352
0.9674652182417596
13.158482142857144
0.1662743091583252
0.9614837847027624
11.628182870370374
0.1712205410003662
0.9435783647873761
7.242621527777779
0.16797924041748047
0.9234846091158906
9.922542735042734
0.16628646850585938
0.9433556979563984
6.883285984848485
0.16667675971984863
0.9443301199716211
6.661658653846152
0.16605877876281738
0.953588969661036
8.359041132478634
0.16768479347229004
0.9560952075384919
9.06156994047619
0.16940641403198242
0.9509051061858863
9.092881944444445
0.16493892669677734
0.9652341626205735
10.206976996527779
0.17750835418701172
0.9423287909815213
9.78949652777778
0.16846275329589844
0.9681832594106462
7.982954545454546
0.16749048233032227
0.9618740356876417
7.613102532679738
0.18267440795898438
0.9643897740307047
8.682183159722223
0.17618608474731445
0.9390866812122263
7.215856481481481
0.16867637634277344
0.9622027153032641
10.837673611111107
0.16849899291992188
0.9618044145492137
10.984664351851853
0.1849536895751953
0.9659637317334735
8.57494212962963
0.16709566116333008
0.9612524138956359
7.536057692307693
0.16812396049499512
0.958165205702415
6.129340277777778
0.1699671745300293
0.9348971792862292
11.369791666666668
0.16604089736938477
0.9621299004431757
7.904313568376068
0.16738510131835938
0.9639929823029303
8.742249503968253
0.1678142547607422
0.9543226164606374
6.764823717948717
0.18716955184936523
0.9722043745756221
7.132884837962963
0.16754865646362305
0.9700367397966375
7.908987713675213
0.16732358932495117
0.9413326354491751
8.995535714285714
0.17431282997131348
0.9540882577126485
7.831669560185183
0.16718435287475586
0.9470621315155336
8.562700320512821
0.18489313125610352
0.9638192180621377
10.196759259259258
0.16681265830993652
0.9607813893193398
8.241102430555555
0.16958212852478027
0.9787993590900498
8.626302083333334
0.1753249168395996
0.9598734665909296
14.369212962962967
0.18465399742126465
0.9782798109204512
11.824494949494948
0.1786482334136963
0.92971910913918
6.486979166666667
0.16625165939331055
0.9352885747857974
9.840133101851853
0.16705036163330078
0.9617809686287945
7.5954861111111125
0.17113041877746582
0.928570299327763
5.3595196759259265
0.16655206680297852
0.9394645943554345
9.524016203703704
0.16706299781799316
0.9629610482258106
9.562065972222223
0.1683964729309082
0.9367962813753042
8.590711805555555
0.16678810119628906
0.9533589524663902
11.01345486111111
0.1677227020263672
0.9555048102661323
8.299851190476192
0.16743016242980957
0.9522290208478525
8.904277146464647
0.16642260551452637
0.9448621476847662
7.679398148148146
0.1674964427947998
0.9630138068359003
9.581663995726496
0.16574549674987793
0.9588906050166432
9.904947916666666
0.1672196388244629
0.9385487044519949
14.390357905982906
0.18927407264709473
0.9267287485238375
5.5047743055555545
0.17317795753479004
0.9419144636033278
8.82523148148148
0.1694023609161377
0.9622077506083904
11.193576388888888
0.1663656234741211
0.965153814370962
8.510354662698413
0.16544365882873535
0.9596768975329414
8.1484375
0.1659846305847168
0.9653526557428985
8.603614267676768
0.1663532257080078
0.9527940446243297
9.206969246031745
0.16446900367736816
0.9806192563543324
15.90060763888889
0.16511273384094238
0.954626742448069
12.379436728395062
0.16623330116271973
0.9475447664274027
11.32052951388889
0.1667933464050293
0.9590913410495354
11.066080729166666
0.18645262718200684
0.9660805292806589
7.51880787037037
0.17671895027160645
0.9848486242689141
6.771701388888888
0.18009614944458008
0.9570194275957015
9.11892361111111
0.18899011611938477
0.9592744046077379
6.448929398148148
0.1664426326751709
0.9485357205402184
10.805844907407407
0.16460323333740234
0.9656008349525657
8.776041666666668
0.18073654174804688
0.9540729588832055
10.187355324074076
0.1670231819152832
0.9682304270440942
10.722489316239319
0.18313145637512207
0.9602433756790867
12.973090277777779
0.17187023162841797
0.968251533052866
10.67527488425926
0.17687010765075684
0.967480452549047
9.340897817460316
0.16600918769836426
0.9667940542979793
7.208719135802468
0.16656851768493652
0.9596849711126262
8.76657196969697
0.16428208351135254
0.969107312396106
8.298900462962962
0.16564655303955078
0.9499700396573146
10.203721788194448
0.18248534202575684
0.9586758948293511
9.33376736111111
0.16740059852600098
0.9658972560141337
8.038194444444445
0.1658802032470703
0.9625285767318166
9.514322916666666
0.1694490909576416
0.9555970220185978
8.512863005050507
0.1830735206604004
0.9435038798858196
7.767094017094016
0.17568683624267578
0.9452665049887151
10.271100427350426
0.17175626754760742
0.95616782644096
7.759114583333334
0.16838669776916504
0.9388466712604195
9.66579861111111
0.16913247108459473
0.9655071006117557
7.428886217948716
0.1833798885345459
0.9646493802797642
9.778645833333332
0.16829347610473633
0.9672870610333298
7.530776515151516
0.16636967658996582
0.9524285173456402
9.338469328703704
0.16370940208435059
0.9617121239490145
6.617739898989897
0.16604828834533691
0.9435331451470367
7.791666666666667
0.16714882850646973
0.9476011507144181
9.226888020833334
0.16539764404296875
0.9687619440906484
8.40576171875
0.17970728874206543
0.9683802686806341
10.285590277777777
0.1693115234375
0.9666745485003366
8.429398148148147
0.16651654243469238
0.9367958829928447
6.433841765873015
0.17780089378356934
0.9592012930309506
6.600260416666667
0.16779208183288574
0.9416353957813439
8.979311342592593
0.16715717315673828
0.9389327371146722
12.991691468253967
0.16809678077697754
0.9435597926786132
10.492621527777777
0.1714646816253662
0.948218830335196
6.622474747474748
0.16629886627197266
0.9615862563753481
6.9539930555555545
0.1690380573272705
0.9590044018435543
7.4558080808080796
0.18093037605285645
0.9563050946897217
6.839120370370369
0.16765379905700684
0.9542445912034443
7.042824074074074
0.16693615913391113
0.9664295547763916
6.526227678571425
0.1668705940246582
0.9504488272193038
7.837357954545454
0.16495037078857422
0.9583005218305558
6.391059027777777
0.1692485809326172
0.9560861803490399
8.45486111111111
0.16851806640625
0.9675047574440537
6.853298611111112
0.1685781478881836
0.9534410864082589
9.789693813131315
0.1650831699371338
0.9661751104011167
10.659288194444445
0.16777706146240234
0.9342883781282604
6.626364087301587
0.16453194618225098
0.9389150690156925
9.303385416666666
0.17148852348327637
0.9419127886152049
9.184992283950619
0.16580772399902344
0.9537347445167137
10.039062499999998
0.16766834259033203
0.9473383765068972
11.254340277777777
0.16618037223815918
0.9455865702070635
15.470920138888888
0.18286609649658203
0.9304479359427396
19.338107638888886
0.19041180610656738
0.9510449453634564
7.75607638888889
0.17009615898132324
0.9511039314522373
8.343641493055555
0.1673259735107422
0.9320249707532942
9.979876893939393
0.17507028579711914
0.9371685746220714
6.165907118055555
0.16533374786376953
0.9534479536283801
9.041883680555555
0.1683197021484375
0.9540078716704105
5.801649305555555
0.16817569732666016
0.9659750717103658
8.328993055555557
0.16654562950134277
0.956395494986893
12.098524305555555
0.16609787940979004
0.9468999839352162
12.903645833333334
0.1670219898223877
0.9268430442343488
12.358630952380953
0.16932129859924316
0.9560746904836797
10.80005787037037
0.1678609848022461
0.9625867546432062
7.141059027777779
0.1702272891998291
0.9463046771077981
7.592773437499998
0.16497159004211426
0.9454947365630478
7.5250771604938285
0.16803312301635742
0.931171430085316
15.129484953703704
0.16610360145568848
0.9514260448272284
11.217757936507937
0.1686251163482666
0.886525754329327
16.85980902777778
0.1821727752685547
0.9140626057568959
8.796502976190478
0.1678905487060547
0.925779925797963
9.740547839506174
0.16898226737976074
0.9620360113742465
8.876302083333332
0.16858267784118652
0.9435458188902459
8.86863425925926
0.17998528480529785
0.9706500422463421
10.405381944444443
0.18258023262023926
0.921975273341515
13.349826388888891
0.16473627090454102
0.930542901144149
6.408781828703705
0.16525626182556152
0.9432699991485343
5.554470486111112
0.1646120548248291
0.9784242215781306
8.293788580246913
0.1664729118347168
0.9466488421501407
5.401909722222223
0.16816496849060059
0.9538039345255203
6.718207465277777
0.16429901123046875
0.962566129590132
7.637261284722221
0.16887474060058594
0.9595657834093514
5.660342261904761
0.1704094409942627
0.9509618470220936
5.785590277777778
0.16701197624206543
0.9458262893776389
10.075520833333332
0.16831398010253906
0.9686522021181839
17.48167438271605
0.1647794246673584
0.960616078458124
9.507970328282827
0.16617655754089355
0.9672238118331831
10.565814393939394
0.17615032196044922
0.9234410148593567
8.66015625
0.18629217147827148
0.9886488830701357
8.794367283950617
0.167741060256958
0.9656716599882009
6.325954861111111
0.16675329208374023
0.9609481191435215
8.288070436507937
0.1892869472503662
0.9562242572242572
9.401041666666668
0.18862080574035645
0.9765141476880609
7.405056423611111
0.16774511337280273
0.970886428905363
8.661747685185185
0.1859278678894043
0.9629729386855769
7.49045138888889
0.17348074913024902
0.9498999487343017
10.977285879629628
0.16919803619384766
0.959647933329802
7.727864583333333
0.16678452491760254
0.9493708673122839
14.381076388888891
0.1675572395324707
0.9421599053362014
12.041015625
0.1665339469909668
0.9212989743917628
12.463831018518519
0.193192720413208
0.9367636968098432
7.32638888888889
0.1686265468597412
0.9455878662631135
16.357060185185187
0.16711854934692383
0.9561326208630444
9.934895833333332
0.16650676727294922
0.9204510288159194
9.3603515625
0.16778993606567383
0.9459756583309074
11.76254734848485
0.1702711582183838
0.9611792420039057
8.928915895061728
0.16601061820983887
0.9424779169627768
10.34686053240741
0.18664097785949707
0.9536294563739428
6.9155092592592595
0.165208101272583
0.9393256263217751
4.801925505050505
0.1699683666229248
0.9672460838495109
3.97265625
0.1681804656982422
0.9739552235939751
7.887731481481481
0.16726350784301758
0.9628119499219896
8.247767857142858
0.16844606399536133
0.9551282352480793
7.823350694444445
0.16586709022521973
0.9674635694380672
9.11404079861111
0.1763453483581543
0.9341848448194413
17.587348090277775
0.17189240455627441
0.9316697413601384
10.8515625
0.16675138473510742
0.9254026396392505
9.940200617283953
0.1656041145324707
0.9322234601994664
8.269675925925926
0.16594886779785156
0.9553648997081151
12.554563492063492
0.16562843322753906
0.9386335766112671
11.512948495370372
0.18835163116455078
0.9506325613145187
7.682291666666666
0.16906476020812988
0.9756319767808856
10.007812500000002
0.174025297164917
0.9681915726180621
12.532552083333334
0.16479229927062988
0.9547152642875704
17.718641493055557
0.16946101188659668
0.9839551183165821
10.849729938271606
0.1701953411102295
0.9643685415294121
7.252604166666667
0.18819069862365723
0.9792546996749896
7.6202876984127
0.18584108352661133
0.9809422462347934
16.290509259259256
0.16620612144470215
0.9466184434621144
6.082465277777778
0.16463780403137207
0.9757230680745859
5.405505952380952
0.16759824752807617
0.9685484418765842
9.403211805555555
0.181884765625
0.9646620179482129
7.3964533730158735
0.1864488124847412
0.9406118912043034
10.909830729166666
0.16736054420471191
0.9360060012187377
6.256200396825396
0.16730403900146484
0.9272039854498306
8.621651785714286
0.18499112129211426
0.9573443411291045
6.009837962962963
0.1849827766418457
0.9562111766018636
10.723379629629628
0.167510986328125
0.9757682915577652
7.716049382716051
0.18655753135681152
0.9281665899225988
5.522135416666667
0.17470741271972656
0.9560056192546269
7.610677083333333
0.18387389183044434
0.928639034624198
9.425154320987655
0.16501617431640625
0.9170180086503398
7.03173225308642
0.17816376686096191
0.9433935256101468
8.554687499999998
0.16633009910583496
0.9522070357838256
10.746527777777777
0.16547250747680664
0.9786642935119488
4.831814236111111
0.16826844215393066
0.9607254794594947
15.23263888888889
0.16664886474609375
0.9343212711502892
8.173466435185185
0.17999267578125
0.9258349098751398
7.902922453703705
0.17417621612548828
0.9529440110550113
8.985460069444443
0.16641855239868164
0.9550330541088247
11.265625
0.1674647331237793
0.9666469189845491
12.36255787037037
0.17312288284301758
0.962327891358252
12.554253472222221
0.1653909683227539
0.9621884806181189
7.960069444444444
0.16510367393493652
0.937763732640209
10.612768308080808
0.16594719886779785
0.9586993903541653
8.597608024691361
0.17849349975585938
0.9647814574439961
9.539930555555557
0.1669754981994629
0.9614041125380134
11.122948232323232
0.17985010147094727
0.9567982777375715
6.5859375
0.16669869422912598
0.9563352281462489
11.983940972222223
0.1863870620727539
0.9382793322267007
17.648189484126984
0.1658627986907959
0.9467139812455238
9.418402777777777
0.18616938591003418
0.9414408145074572
9.236653645833336
0.16657423973083496
0.9671051282181689
9.175781249999998
0.17023849487304688
0.9651965028102817
11.840760030864196
0.1814570426940918
0.9213006434217731
7.242345328282827
0.16755390167236328
0.9476089287323172
6.607638888888888
0.1868436336517334
0.964749971069063
6.243055555555555
0.17195963859558105
0.9569547324507274
10.597511574074074
0.16531705856323242
0.9345587905338901
7.388888888888888
0.16748261451721191
0.9435586883654109
11.10329861111111
0.16993355751037598
0.9809622734844936
9.288676697530864
0.18610382080078125
0.9569529734599743
8.036747685185183
0.19226479530334473
0.932997296978514
6.745273919753087
0.1668703556060791
0.9545813441118992
7.314236111111112
0.16721272468566895
0.9770889620616239
8.96990740740741
0.16637253761291504
0.9529646871932749
7.1263415404040416
0.16828608512878418
0.9311799647323464
9.262635030864196
0.16580533981323242
0.9388583050804602
10.467122395833332
0.16654133796691895
0.9361434219385463
8.114872685185185
0.16798043251037598
0.9435729805111873
11.068672839506172
0.16655468940734863
0.9525789586855811
11.691130050505052
0.16819071769714355
0.9463482211534657
17.134232954545457
0.17048382759094238
0.9219247839346509
9.977904040404042
0.16949152946472168
0.9310201397087797
8.546401515151516
0.1674957275390625
0.9483879416325343
8.807146990740742
0.17014408111572266
0.9576797368233868
8.110643696581196
0.17063617706298828
0.9801716707215645
9.23049428104575
0.19257760047912598
0.9714430311568291
7.442810457516341
0.1891613006591797
0.9361937383561707
7.680483217592593
0.17720866203308105
0.923531536916013
6.633391203703703
0.1682572364807129
0.9422620774024372
6.8243634259259265
0.16792798042297363
0.9297278605724039
7.40141369047619
0.17766666412353516
0.9455179484789696
8.512863005050503
0.16824698448181152
0.9710013353655204
14.66189236111111
0.1687624454498291
0.9664680493616729
12.643539186507937
0.16846847534179688
0.9636887287912731
7.686631944444445
0.1685173511505127
0.9433045717749236
6.013020833333334
0.16686654090881348
0.9137156798799503
6.583767361111112
0.16811442375183105
0.9340624190346554
5.676118827160494
0.16638970375061035
0.9636903918422944
4.828249007936507
0.16504549980163574
0.9503157406711503
7.743923611111112
0.1675093173980713
0.9162241607052104
9.703621031746033
0.17119479179382324
0.9056718379308949
16.37641059027778
0.1684129238128662
0.90774528345097
14.204282407407407
0.17568731307983398
0.9083085096487787
15.989583333333336
0.16639089584350586
0.9351670792266766
10.541294642857142
0.1667652130126953
0.9656432380116589
13.774956597222221
0.16875481605529785
0.9306856797534837
16.39594184027778
0.18977737426757812
0.9523328634418005
11.240234375000002
0.18738722801208496
0.9557855606306371
13.230251736111112
0.16632723808288574
0.9311677718782353
7.89279513888889
0.17493224143981934
0.9388482044378302
13.154592803030305
0.1854860782623291
0.9291699417313181
14.47482638888889
0.17128276824951172
0.9244787279602653
17.40939670138889
0.16581463813781738
0.9434949402133256
9.101019965277779
0.16590237617492676
0.9405545413569301
12.296006944444445
0.16678762435913086
0.958040643687166
12.41970486111111
0.18953561782836914
0.978572846119852
15.171802662037038
0.17023348808288574
0.9802197277719098
11.545758928571429
0.18502354621887207
0.9497691517125897
11.644965277777775
0.17640376091003418
0.9564389654839288
13.712745949074076
0.1681981086730957
0.9536712577529666
15.305447048611112
0.1686866283416748
0.9629025986673424
9.708236882716049
0.1671295166015625
0.9638225279895506
10.85403311965812
0.1736907958984375
0.9590829401772115
9.632626488095239
0.16840767860412598
0.9537943091823426
6.47845643939394
0.16601228713989258
0.9614463202821731
10.827546296296296
0.16631484031677246
0.9264710939761345
8.394458912037036
0.16682195663452148
0.9412996520831494
9.306739267676768
0.16850972175598145
0.9422853703330573
14.687166132478634
0.1669173240661621
0.9426566601452216
10.12276785714286
0.16724395751953125
0.9489014783370018
9.732452876984127
0.1695389747619629
0.9545236460617615
13.733258928571429
0.17831659317016602
0.9312630565598062
13.802872474747476
0.1666567325592041
0.9734075725378972
8.333333333333334
0.1645193099975586
0.9513600765747974
10.555555555555555
0.18647027015686035
0.9491235563495525
9.668560606060606
0.17074155807495117
0.9572137527652946
8.057725694444445
0.16409564018249512
0.9448015744887938
9.762152777777779
0.16621780395507812
0.9604485536121996
8.773871527777779
0.18422222137451172
0.980636855471394
10.340277777777777
0.16383957862854004
0.9645405466970167
12.30324074074074
0.16647791862487793
0.954613652843538
8.516167534722221
0.18298959732055664
0.9758278174365492
13.215663580246916
0.16745424270629883
0.9606983867403468
6.966628086419753
0.16526198387145996
0.9634198327649979
7.924913194444445
0.18786334991455078
0.9481753596829575
13.681739267676766
0.16593503952026367
0.9447561095662839
17.136994949494948
0.16710543632507324
0.9602776663480593
7.838541666666668
0.17471075057983398
0.9428922477038023
8.91216856060606
0.18366050720214844
0.9792911243424721
9.147135416666668
0.1682143211364746
0.9770142307448809
11.046874999999998
0.16866755485534668
0.9293018099458478
9.805169753086417
0.16946768760681152
0.9189460627433376
5.006944444444445
0.16777849197387695
0.9440216310660322
11.78689236111111
0.1663987636566162
0.9194589876063237
12.456114969135802
0.1651008129119873
0.9350685204129474
16.996133207070706
0.16631054878234863
0.9390344320269564
11.065538194444445
0.18556857109069824
0.9301037750829959
12.144886363636363
0.16807985305786133
0.9553367695385678
15.070891203703704
0.16818714141845703
0.9374576542601094
12.824435763888888
0.16665363311767578
0.9409577129650791
11.753038194444445
0.17675471305847168
0.963792561176462
18.668619791666664
0.16742324829101562
0.9579084830413104
11.657552083333334
0.1681063175201416
0.9674028216288276
9.939718364197532
0.18638062477111816
0.95924185558436
10.028645833333332
0.16682815551757812
0.952535251251405
7.999131944444444
0.16499781608581543
0.9446842638298029
10.557725694444446
0.16520357131958008
0.9656813902068717
10.003038194444445
0.1648540496826172
0.963749332746042
11.347897376543209
0.16710948944091797
0.9599585053614629
8.535397376543209
0.16757941246032715
0.9531921040334108
11.532118055555555
0.16852140426635742
0.9572803192719451
9.187934027777777
0.16425657272338867
0.9566138862971798
9.013020833333332
0.16803193092346191
0.9354508490612822
10.161258012820515
0.169769287109375
0.9631838113073428
7.624627976190475
0.1689908504486084
0.9802583118132209
6.609848484848485
0.16541457176208496
0.973904960497104
10.41170634920635
0.1856064796447754
0.9498874910196652
5.7855902777777795
0.16650748252868652
0.9658234307213094
7.688078703703705
0.18154335021972656
0.95975587357697
8.853856646825397
0.16422390937805176
0.9611768719617236
10.065586419753087
0.16663885116577148
0.9587418321109618
8.939422123015873
0.16484451293945312
0.9683325764490476
6.820023148148148
0.16637134552001953
0.9636721852766574
10.74001736111111
0.16544079780578613
0.9468807049449652
11.473958333333332
0.16815924644470215
0.9414044038899168
7.075135030864198
0.1669628620147705
0.9493850546990245
5.081845238095238
0.17570137977600098
0.964100571259564
5.68390376984127
0.16823554039001465
0.9255862400444034
5.592137896825396
0.17539405822753906
0.9333341443756552
4.308159722222223
0.16413116455078125
0.9803901398688635
10.04050925925926
0.16649723052978516
0.9455420348285313
15.821940104166668
0.16501355171203613
0.9536656532454495
6.86328125
0.16432666778564453
0.9179439013395913
8.747106481481481
0.18505406379699707
0.9191584970860965
14.242621527777777
0.16613507270812988
0.9563627148320798
6.712239583333333
0.16538763046264648
0.9608245511590894
8.188657407407407
0.16980671882629395
0.9446028305316404
13.802083333333332
0.17660951614379883
0.9278650375258016
7.294560185185186
0.1662304401397705
0.9213431023027746
6.633804563492063
0.16801929473876953
0.9385054439822682
5.873480902777778
0.16724681854248047
0.9424810176029838
5.550672743055555
0.1676926612854004
0.946663150783586
6.628271901709402
0.16640043258666992
0.9618963035953951
9.425747863247866
0.1792736053466797
0.9715442806134172
10.229311342592593
0.17990517616271973
0.957743457923989
8.470775462962962
0.16957330703735352
0.9473299919446225
9.467695932539682
0.18408536911010742
0.9749616585621287
9.323278356481483
0.17749762535095215
0.9448219352096209
11.490342881944446
0.17456984519958496
0.9308366828112788
8.53422619047619
0.1848282814025879
0.9519493180016999
8.886284722222221
0.18607497215270996
0.9402677192718415
8.050672743055555
0.17402029037475586
0.9587979300258528
7.156032986111112
0.16667580604553223
0.9435119882085284
11.707398504273506
0.17899632453918457
0.9787098257892659
12.03396267361111
0.1642439365386963
0.9827561654390922
14.365451388888891
0.19704556465148926
0.9594362972940819
6.998697916666666
0.1656782627105713
0.9370186037499528
6.68092757936508
0.1855788230895996
0.9533822767263075
9.249751984126984
0.16332149505615234
0.9720178757552258
11.6650390625
0.16665315628051758
0.9598941783519682
11.835603632478636
0.16426873207092285
0.9583272954991301
8.67264093137255
0.18047833442687988
0.9732699665495655
14.033420138888886
0.17793583869934082
0.9573694095873279
9.34127938034188
0.18857216835021973
0.9579060574715518
8.860057043650793
0.1671905517578125
0.9404591750113981
10.799231150793648
0.16786670684814453
0.9639936048188599
9.348624465811964
0.16774535179138184
0.9595707842395043
10.31901041666667
0.16730046272277832
0.9712350367347142
12.10904113247863
0.16946101188659668
0.9560833115057428
7.479634081196581
0.18649983406066895
0.9458697493135567
7.124399038461538
0.18405938148498535
0.9604805924461256
6.7100694444444455
0.16683101654052734
0.9648891697515476
8.551530934343434
0.18812131881713867
0.9617851863259836
6.953993055555555
0.16720843315124512
0.9503505149963041
7.6337594696969715
0.19007134437561035
0.9557059657428347
7.748119212962963
0.16911983489990234
0.9557042411711879
6.002998737373736
0.16469740867614746
0.9708249547758485
7.546875
0.1686568260192871
0.9557643031942349
11.239149305555557
0.18369102478027344
0.9657175198942551
7.806490384615386
0.17006993293762207
0.9305695720554233
12.169270833333334
0.1685323715209961
0.9630481038487335
11.46701388888889
0.18495845794677734
0.9567262367787043
13.687065972222223
0.18529868125915527
0.9523488985944183
7.85427517361111
0.1697523593902588
0.9483550016251254
12.44164737654321
0.16713190078735352
0.953789126344253
10.1140873015873
0.16731715202331543
0.9827058602248627
12.367621527777779
0.18691158294677734
0.9530117727271429
11.539496527777779
0.17864084243774414
0.9035828230753148
7.5994646990740735
0.1793520450592041
0.9502900348295635
8.357402146464647
0.16745758056640625
0.9366506498598923
7.580837673611112
0.18256473541259766
0.9393053047689459
7.142361111111112
0.1683521270751953
0.9841911979577159
7.835165895061729
0.16687321662902832
0.9606497175353308
6.858121141975308
0.16719460487365723
0.9638570898840261
6.126060956790123
0.16908860206604004
0.9009615776447796
10.519097222222221
0.16748380661010742
0.9252504194912241
4.848090277777779
0.16642260551452637
0.9324344184677945
7.874447601010101
0.1673567295074463
0.926721435115637
8.598090277777777
0.1800246238708496
0.9598583038822462
10.144965277777779
0.16803979873657227
0.9518782389215124
8.747238005050505
0.16898274421691895
0.9461326333453078
9.451941287878789
0.17205095291137695
0.9544897119310808
8.00189393939394
0.19177007675170898
0.9600659553897442
5.8654513888888875
0.1678931713104248
0.965839860056487
11.121238425925926
0.16811490058898926
0.9610335639143994
11.588975694444446
0.16522502899169922
0.9491015281425113
11.198784722222221
0.1856064796447754
0.9418096086283833
8.624751984126984
0.1672379970550537
0.9526601796363572
10.732171474358974
0.16799163818359375
0.9636627960101242
7.387462797619048
0.1753380298614502
0.9409036987435176
9.007884837962964
0.1674492359161377
0.9323585595179857
10.93532986111111
0.18778276443481445
0.9451288581229925
8.015950520833334
0.18683528900146484
0.9454048351210828
14.537259615384615
0.16773629188537598
0.9595826960614878
7.096788194444443
0.1657412052154541
0.9607948474675578
6.314670138888888
0.16786527633666992
0.9752399751254173
11.18995949074074
0.1876060962677002
0.962085965192512
10.37839330808081
0.1669011116027832
0.9367617208587297
9.878472222222221
0.16606616973876953
0.9365559872827861
14.415027006172838
0.1667947769165039
0.9472915667388306
7.213975694444445
0.16686773300170898
0.9615444837633395
7.628906250000002
0.1653294563293457
0.9553444654109945
6.952642746913581
0.17853307723999023
0.9429792759272573
4.754231770833334
0.18709826469421387
0.961832462286871
8.489945023148149
0.16889452934265137
0.9528649204470833
7.770647321428571
0.16704344749450684
0.9690822140051035
8.948651175213675
0.16495084762573242
0.9450859225974011
11.37784090909091
0.16704630851745605
0.9398389790903104
14.697265625
0.16877460479736328
0.9581506705265765
12.306237599206352
0.16802358627319336
0.9667154318878162
9.020280934343434
0.16978764533996582
0.9609297690040742
5.993055555555555
0.18476438522338867
0.9538930605125799
6.587540064102564
0.1645042896270752
0.9610630053643188
9.707031249999998
0.18638014793395996
0.9517585507074053
8.543113425925926
0.1669626235961914
0.9596611950475309
10.25111607142857
0.18957805633544922
0.9700832959191421
11.746093750000002
0.16594219207763672
0.9607239061320566
7.038001543209877
0.16733813285827637
0.9635944702454167
7.669580853174603
0.1687920093536377
0.9267771557879435
7.779947916666669
0.16829967498779297
0.940673805461122
9.640151515151514
0.18996095657348633
0.9451753670652022
9.488932291666666
0.17459416389465332
0.9431988193246335
8.987630208333332
0.16623616218566895
0.9420055865190787
9.38917824074074
0.17110252380371094
0.9524054349639626
6.80251736111111
0.1692211627960205
0.9512700692794432
8.889973958333332
0.16622519493103027
0.9295051179004967
8.358039529914532
0.17236065864562988
0.9472426817998062
8.885478670634921
0.1714632511138916
0.9621168821323619
13.968349358974358
0.16914582252502441
0.960842064616134
9.039220328282827
0.17144775390625
0.9462449024345173
8.073311237373737
0.16714906692504883
0.9307573421725438
5.709201388888888
0.1811823844909668
0.9571310901960931
7.589699074074075
0.16666674613952637
0.9686489276891213
9.032118055555555
0.16584563255310059
0.9698047313569348
10.982142857142858
0.16704654693603516
0.9754605714608451
9.958147321428573
0.168593168258667
0.9793997698489145
9.53164457070707
0.18410754203796387
0.9857473764535591
8.066647376543209
0.17957592010498047
0.9506549760988954
6.022677951388889
0.1885824203491211
0.9363582330825202
11.708829365079366
0.16672515869140625
0.9509409638582303
8.324110243055555
0.1682906150817871
0.9186140495115078
5.397135416666667
0.17024707794189453
0.9144862376302504
8.352272727272727
0.16907072067260742
0.9388565039511393
9.221643518518519
0.18703484535217285
0.9135475307690292
8.581912878787879
0.16759109497070312
0.9444431414096363
8.240214646464645
0.1686108112335205
0.9444643072421389
7.993164062499999
0.18566465377807617
0.9796066115200326
8.16189236111111
0.16797423362731934
0.9696883808761699
8.735643696581196
0.1719963550567627
0.94042698583451
5.809220679012345
0.16908979415893555
0.959890023286727
5.845920138888888
0.16520905494689941
0.9486729568663835
7.565893308080808
0.16875553131103516
0.9456045512617639
8.080413510101009
0.16812849044799805
0.9698134828251134
11.234375
0.16956114768981934
0.9355737733735391
9.718671085858587
0.18925714492797852
0.9509715826994921
11.998197115384615
0.18186450004577637
0.9350327342105715
12.80908978174603
0.16716551780700684
0.9514857104980006
10.711371527777777
0.16786623001098633
0.9477961457124716
15.601996527777777
0.17880964279174805
0.9624724246215214
10.785951967592593
0.16832828521728516
0.9579593474318375
9.273623511904761
0.16715645790100098
0.9707798895405865
8.037923177083334
0.16640305519104004
0.9767959070063053
8.670014880952381
0.1897885799407959
0.9673696251871909
8.456597222222221
0.1693735122680664
0.9693645662734993
8.821614583333334
0.17440366744995117
0.948346997943224
9.067804783950615
0.16885137557983398
0.9608640803003411
9.446022727272727
0.17466020584106445
0.9742564714259666
10.543202457264956
0.16834259033203125
0.9762363289638228
9.447449252136751
0.16987347602844238
0.9727824034750049
7.175814636752137
0.1700153350830078
0.9614595704006381
7.702546296296295
0.16658329963684082
0.9486377885097768
8.01048344017094
0.16615056991577148
0.9341160102474974
9.599510732323232
0.18702483177185059
0.9494082282672597
8.99884259259259
0.1707444190979004
0.9592137309104252
6.56650641025641
0.16994762420654297
0.9727966452863933
13.136017628205128
0.17118549346923828
0.9395808248498575
5.805121527777778
0.17003440856933594
0.9456642794950706
9.387152777777779
0.18511533737182617
0.9384298323026053
10.850299873737375
0.1904454231262207
0.9585170105910684
13.707386363636363
0.16796088218688965
0.9327658950031718
9.636140046296296
0.17279291152954102
0.9609686658938764
6.350549768518519
0.17191600799560547
0.9649183596435845
9.149848090277777
0.1690213680267334
0.9734137370987095
8.03619123931624
0.1679830551147461
0.9697824019131894
11.015958867521366
0.18398475646972656
0.9570518825449119
9.619791666666668
0.16824841499328613
0.9617731950155345
16.087601273148145
0.18180418014526367
0.9641945993183828
7.732037927350427
0.16696572303771973
0.9562385368632007
12.313678075396826
0.16812825202941895
0.9691323919046727
9.790943287037038
0.16758275032043457
0.9603148767237146
11.562271564327485
0.19111132621765137
0.960593992693109
11.671006944444443
0.16652655601501465
0.9675337860562594
7.0616319444444455
0.16744136810302734
0.9492904765623397
10.580150462962964
0.1667461395263672
0.9516867918987602
12.082248263888891
0.16618704795837402
0.927505669637608
13.85929608585859
0.18708348274230957
0.9356552904392428
10.564236111111112
0.17786836624145508
0.9583301816725649
15.363399621212123
0.16748881340026855
0.965745957731232
12.727322048611112
0.16536378860473633
0.9717394028932222
9.109157986111112
0.16842269897460938
0.948823200642316
9.29470486111111
0.16790485382080078
0.9566779615493171
9.67795138888889
0.17011070251464844
0.9461375639983537
9.05418113425926
0.18014955520629883
0.9660122239375605
8.084129050925927
0.1659412384033203
0.9752726870955368
8.25607638888889
0.16749191284179688
0.9398421767960392
8.13091856060606
0.16655850410461426
0.9326685398432737
13.233506944444445
0.18700385093688965
0.9537491659250648
8.44135802469136
0.16726946830749512
0.9616224804131865
8.579545454545455
0.1672499179840088
0.9621488733297253
7.163825757575757
0.16894221305847168
0.964051663762384
9.865089699074073
0.16834712028503418
0.9484476405811809
8.173410790598291
0.16799497604370117
0.9730815485766974
7.365813078703703
0.1691572666168213
0.959494550772387
7.0188492063492065
0.17328882217407227
0.9443709788351937
7.564561631944444
0.16527295112609863
0.9542907309341159
8.115389384920634
0.16522693634033203
0.925388001333516
5.097222222222223
0.16721415519714355
0.9517460603655362
5.976817810457517
0.18257379531860352
0.9590121144130649
7.99938725490196
0.18645048141479492
0.9699710863053284
6.874999999999999
0.1653156280517578
0.9693483559562179
6.996272467320261
0.17440342903137207
0.9732403358826098
7.4665178571428585
0.17391729354858398
0.9434744828571379
7.159880050505049
0.16682863235473633
0.9511626803212792
9.615050747863249
0.16719961166381836
0.9510342066366119
9.83181423611111
0.167863130569458
0.9409327103949174
7.762419871794871
0.182417631149292
0.9462949338019583
9.501681857638886
0.1682600975036621
0.9459969363685857
8.736311431623932
0.1654360294342041
0.9522462596237268
8.118361928104576
0.16826415061950684
0.9259870586062271
8.112234477124181
0.16719985008239746
0.957271867189125
10.827636718749998
0.16855812072753906
0.9665406934255103
7.905016447368422
0.1660301685333252
0.9742561485420395
8.067434210526315
0.1687629222869873
0.961799054297394
9.818984885620914
0.17569971084594727
0.9574343567717294
11.2510016025641
0.16478466987609863
0.9360728278737014
6.651278409090909
0.16568350791931152
0.9548525062936015
6.273251488095239
0.16730213165283203
0.9520440244823116
9.272502670940172
0.18697595596313477
0.9382839964430273
5.774867238562091
0.17196989059448242
0.9602612532382468
5.840435606060606
0.16457605361938477
0.9613646431007953
6.380931712962962
0.16665005683898926
0.9681275124612978
9.0593998015873
0.1653587818145752
0.9628040500722954
10.03751240079365
0.16603302955627441
0.959891335042821
6.939236111111111
0.18244075775146484
0.9685270746033993
6.004941239316239
0.16749835014343262
0.9460784327483468
6.5822285353535355
0.16741371154785156
0.9497528560746754
8.188920454545455
0.173048734664917
0.9532414605162471
6.586371527777779
0.16779851913452148
0.9567218237424524
8.502604166666666
0.16659069061279297
0.963538022412342
5.571952160493827
0.16661524772644043
0.9497424607099527
10.233832465277777
0.17966270446777344
0.9804707320496793
9.901909722222223
0.18176698684692383
0.9604217004893625
10.55239898989899
0.17067837715148926
0.9548338557725901
10.661695075757576
0.18346476554870605
0.9306509897970147
11.058304398148147
0.16812658309936523
0.9543064372033147
8.125723379629628
0.16970562934875488
0.9786977306207058
8.27690972222222
0.16849398612976074
0.9640354621223916
8.350026709401709
0.17720723152160645
0.9510783111129043
11.018156828703704
0.17787647247314453
0.97124458485503
6.898674242424243
0.16640400886535645
0.9638647440265236
8.488794191919192
0.17545127868652344
0.9572781644129678
4.599510732323232
0.16565847396850586
0.9512195655563044
9.187973484848483
0.179351806640625
0.9404531450120975
9.154829545454547
0.16565752029418945
0.9207154252602868
8.429687500000002
0.16798830032348633
0.9432582045514616
11.718315972222225
0.16614961624145508
0.9477509415345391
10.343812003968255
0.1655111312866211
0.9558159891795674
11.182133838383841
0.16494274139404297
0.9373316069199283
9.112413194444445
0.16630911827087402
0.943152620450438
7.410037878787878
0.1777346134185791
0.9331502312709241
6.222029320987654
0.17283368110656738
0.9167560689088435
5.412808641975309
0.1896665096282959
0.9431611960478182
13.75062003968254
0.16715049743652344
0.9708892960836528
11.042455808080808
0.16603422164916992
0.9680884331039129
10.082465277777779
0.16741681098937988
0.9549555134747014
11.071566358024691
0.16686511039733887
0.9656808447534253
9.97636959876543
0.1668088436126709
0.944889838940636
9.409722222222223
0.16767239570617676
0.9397369476916195
6.216724537037038
0.17590022087097168
0.9764007738805609
4.966145833333334
0.1676630973815918
0.9798807569929705
10.55881076388889
0.18288874626159668
0.9413898437614988
8.940538194444446
0.18210673332214355
0.9441639424864524
9.223524305555555
0.17419672012329102
0.9417986106280993
8.71875
0.16590476036071777
0.9187193890588026
8.49826388888889
0.16556239128112793
0.9405147171375462
9.05859375
0.16479229927062988
0.9591888554805309
8.82908950617284
0.16659283638000488
0.9517768520288618
6.8260168650793664
0.1660597324371338
0.9602197908217627
7.197265625
0.16513943672180176
0.9475510515459137
6.795247395833334
0.17496991157531738
0.9376885422901798
10.307291666666668
0.17246508598327637
0.9252643929665015
9.712239583333332
0.1669771671295166
0.9592685237927316
6.890024038461539
0.1670389175415039
0.9566500944801468
9.303656684027779
0.1653730869293213
0.9548863969309703
6.524105235042736
0.18732547760009766
0.9582872592858703
6.965277777777777
0.1689901351928711
0.9663383239925767
10.359623015873014
0.19279837608337402
0.9676763409777733
10.086443865740742
0.17284893989562988
0.968546367705325
8.585379464285714
0.16634535789489746
0.9656542768126091
10.184151785714286
0.16811156272888184
0.9549024481188536
7.729414682539683
0.1672520637512207
0.9583166605305958
9.595734126984127
0.16695261001586914
0.9561513083218238
10.629918981481485
0.16634202003479004
0.9458390810098276
12.18883547008547
0.16547703742980957
0.966981561813017
8.477897970085468
0.18503832817077637
0.936969198845883
10.825135030864198
0.16460633277893066
0.956871325937346
11.481584821428573
0.18308067321777344
0.954314691783962
12.604500534188036
0.170335054397583
0.9314331422214447
5.462239583333333
0.1668400764465332
0.9611913781539422
9.286616161616163
0.16660141944885254
0.964440705393193
9.281925154320987
0.16585087776184082
0.9608175953127674
8.347537878787879
0.17675089836120605
0.9473702269649669
15.76779513888889
0.1801013946533203
0.8807674953819384
12.727623456790123
0.1662590503692627
0.9412086545588404
8.328993055555554
0.18225884437561035
0.9453042895308964
7.579308712121212
0.16461420059204102
0.9355965080586315
9.531935307017543
0.16736507415771484
0.9482377865408946
8.505275106837608
0.18004655838012695
0.9747213642918171
8.080595619658121
0.16473007202148438
0.9447116278655565
10.207248263888888
0.16964149475097656
0.9395647233568539
10.056423611111112
0.19193243980407715
0.929519113770287
7.622492283950617
0.1693100929260254
0.9689092201478384
10.340277777777779
0.1662745475769043
0.971886800243936
13.440538194444446
0.16639924049377441
0.9437478272357076
8.178661616161616
0.16662240028381348
0.9354367410673267
7.6453993055555545
0.16798830032348633
0.9437623223259123
6.724537037037037
0.1682424545288086
0.9338925201649281
8.84934413580247
0.16960430145263672
0.9239142870817781
9.892457561728396
0.16491127014160156
0.9341972583244741
10.425347222222223
0.16933155059814453
0.9285511545847988
12.943892045454545
0.16853022575378418
0.9618448037254199
12.849392361111109
0.16834759712219238
0.9424514810559969
6.5313946759259265
0.16983628273010254
0.9784800937949283
8.88961226851852
0.1817009449005127
0.9600442059451881
6.730192550505051
0.16910982131958008
0.9576632227668193
9.984642094017094
0.19027113914489746
0.94569802310411
6.642795138888888
0.1845104694366455
0.9678901923836417
6.8572048611111125
0.1857748031616211
0.9481933648160905
7.806857638888888
0.1649951934814453
0.9308248121386419
10.74810606060606
0.18268656730651855
0.9212628078902475
11.970486111111114
0.18123245239257812
0.9348844375648734
8.78520447530864
0.18816137313842773
0.9702078705525471
8.687263257575758
0.17171525955200195
0.9551239165106625
9.688585069444443
0.18702292442321777
0.9532114284653808
5.3422142094017095
0.16573572158813477
0.9284133685766945
10.14670138888889
0.16790461540222168
0.9601435008031273
6.4383680555555545
0.16808485984802246
0.970273653116445
9.196686921296298
0.1671125888824463
0.9685404024170622
5.788483796296297
0.16800403594970703
0.9638945598217081
8.927951388888888
0.17447257041931152
0.9625888126256815
8.799189814814815
0.1683485507965088
0.9574027039623014
7.461419753086419
0.17716050148010254
0.9501289574850788
8.610801091269842
0.18494081497192383
0.9451963310059491
7.26010101010101
0.16884326934814453
0.9369937069163577
7.259615384615383
0.16675782203674316
0.941412613429675
7.818843482905984
0.18754839897155762
0.9646766300142714
6.889467592592593
0.16683650016784668
0.9569566617496286
6.7364728009259265
0.1673588752746582
0.9223780305792127
7.516177398989899
0.1659705638885498
0.9443794171978845
5.0502232142857135
0.16804885864257812
0.939987007587707
20.408854166666664
0.16596770286560059
0.9378104738800446
12.603081597222221
0.17539620399475098
0.8750604809848415
11.035698784722223
0.1654210090637207
0.9159537114259753
7.782660590277778
0.16778779029846191
0.9416628332678114
10.403025793650794
0.16838908195495605
0.9499720541980605
10.914171006944445
0.16753196716308594
0.9553617692798008
14.37789351851852
0.1680736541748047
0.9648189584180297
8.264322916666668
0.16503000259399414
0.9480503843123154
9.62717013888889
0.1647024154663086
0.9524111063739545
6.4923321759259265
0.17999696731567383
0.9660179879067435
8.914930555555554
0.16616201400756836
0.9548677251290708
9.131944444444443
0.17250704765319824
0.9315784738893716
11.132812500000002
0.17050862312316895
0.9536188427412085
9.000400641025642
0.1714339256286621
0.9289799499509731
9.473017939814815
0.1657252311706543
0.9468147851552503
7.1843171296296315
0.16814517974853516
0.948149271941823
8.02517361111111
0.16909027099609375
0.9695020106615552
9.028935185185185
0.16562700271606445
0.9667486231356955
7.4445064484127
0.16543245315551758
0.9528745607913938
11.966455853174603
0.18601441383361816
0.9704577032119491
10.049189814814815
0.16787505149841309
0.96171549399649
11.371527777777779
0.18875646591186523
0.9739535428782448
9.008101851851851
0.17424726486206055
0.9599825528425074
14.376085069444443
0.1661701202392578
0.9673284460076581
7.398170405982905
0.16698694229125977
0.9632779202525562
11.830047123015875
0.16657757759094238
0.9566918919709092
10.876374421296296
0.1672227382659912
0.968075193246349
11.241319444444445
0.16772794723510742
0.9652688521053712
10.112227182539682
0.16963934898376465
0.956673050509996
9.818576388888888
0.1669785976409912
0.947446215781929
8.817775106837605
0.16513729095458984
0.9755397397873455
9.192708333333332
0.16930317878723145
0.976098457118239
9.348648313492063
0.1676464080810547
0.9601899849478918
10.792228349673204
0.17232775688171387
0.9691802968230824
10.508355034722223
0.1698908805847168
0.9684642439824744
9.273386437908497
0.18568944931030273
0.9612749107482078
9.172453703703704
0.17848682403564453
0.960778673359821
7.175835503472222
0.17644786834716797
0.962812596750505
7.098741319444443
0.16596674919128418
0.9633213799035557
7.980400219298245
0.1689589023590088
0.9523362650085204
9.65060763888889
0.17251157760620117
0.9669354365278916
7.807918595679013
0.17135071754455566
0.9700141725982042
9.941748903508772
0.16709351539611816
0.9527023665430069
8.38059413580247
0.17434096336364746
0.9536860294949785
7.792075163398692
0.16648530960083008
0.9431858865546857
5.642817982456141
0.16872954368591309
0.9645836976228269
11.089099702380953
0.1691570281982422
0.9649772884850754
8.96267361111111
0.16544389724731445
0.9587419707583444
6.846660539215686
0.16706180572509766
0.9694195914101621
7.438512731481482
0.1663968563079834
0.9725679792015839
7.842068142361112
0.16475987434387207
0.9606501045117185
9.823857060185185
0.16577792167663574
0.9628799705919718
10.239293981481483
0.1843552589416504
0.9663845731254024
13.837094907407408
0.1675562858581543
0.9718460031933098
7.97041933760684
0.16556739807128906
0.9583821342483743
7.526971726190477
0.1894533634185791
0.9596029301385697
7.2095959595959584
0.1738593578338623
0.9666968856768434
12.507866753472221
0.1664113998413086
0.9704572615553855
8.469432043650794
0.1649763584136963
0.9578534865727051
10.746045524691358
0.16501832008361816
0.9499637980200126
11.348668981481483
0.16872215270996094
0.9490363348473707
8.940972222222223
0.17423081398010254
0.9670050410833064
10.299479166666666
0.18269014358520508
0.9644897269848812
8.158094618055555
0.18515801429748535
0.9712678314740711
13.558756510416666
0.16761469841003418
0.9723853629564733
8.592509920634921
0.16825079917907715
0.9702776260319296
8.624674479166668
0.18942880630493164
0.9645596511330361
7.7874795751634
0.16619253158569336
0.9774631160656944
7.6751612103174605
0.17902255058288574
0.9648256789798293
9.669325086805554
0.1668713092803955
0.9704502696100668
8.843005952380953
0.17507243156433105
0.9501028472898825
5.421006944444444
