0.2438204288482666
0.9764404877042013
7.073688271604938
0.1822061538696289
0.9768684168966891
14.858680555555555
0.17368674278259277
0.9911887679756117
9.547309027777779
0.20816922187805176
0.997432098765432
11.49729938271605
0.10101771354675293
0.9892444746287825
7.434606481481481
0.17770099639892578
0.9819273326299812
9.612847222222223
0.09679627418518066
0.9821015886957916
6.697916666666666
0.19260549545288086
0.9858875853078752
5.535416666666666
0.09752964973449707
0.9820615498702262
8.862103174603176
0.18205690383911133
0.984147054971405
9.352777777777778
0.14679574966430664
0.9767846330994655
14.77951388888889
0.2095625400543213
0.9863612437296648
12.946875
0.19493722915649414
0.9806530090006912
8.612557870370372
0.1722266674041748
0.9637433463998929
8.017013888888888
0.17472195625305176
0.9783334343920397
8.136959876543209
0.17570233345031738
0.9862225138695725
11.096064814814815
0.18162107467651367
0.9881958644202145
10.516059027777777
0.17420554161071777
0.9775866009643287
10.231597222222224
0.1759331226348877
0.9822642537276683
11.95770202020202
0.17789196968078613
0.9823289973803452
14.8392094017094
0.17398548126220703
0.9825638767308742
15.109567901234568
0.19423723220825195
0.9714326945987926
10.761574074074074
0.17638468742370605
0.973378906455229
17.210416666666667
0.19570231437683105
0.9788388819709534
8.106095679012347
0.17445898056030273
0.983668023337482
12.489049145299147
0.17335104942321777
0.9735944065579639
10.943181818181817
0.1732039451599121
0.9850957167981016
11.228780864197532
0.19462323188781738
0.9855434868157696
7.225694444444444
0.1759796142578125
0.9868093642587877
11.725
0.17585444450378418
0.9755233245310291
8.9642094017094
0.17503046989440918
0.9751730929568325
9.737847222222221
0.175246000289917
0.9834492566503964
11.37820512820513
0.19708490371704102
0.9723186221762827
8.340593434343434
0.18107986450195312
0.9789644607333153
11.742283950617285
0.20418643951416016
0.9717235479031576
8.947916666666666
0.1751842498779297
0.9787686779727858
10.25607638888889
0.17349553108215332
0.9794594851425727
12.641098484848483
0.17385292053222656
0.9789726773543237
6.756944444444444
0.1931166648864746
0.9825180733075469
7.786591880341882
0.19136643409729004
0.9907714690648414
5.094521604938271
0.19495940208435059
0.9858160887181111
11.26875
0.17438387870788574
0.9892190339825576
8.455208333333333
0.17678284645080566
0.984149690769219
7.512152777777779
0.19502639770507812
0.9892690506598554
10.65625
0.17522192001342773
0.9768617577508939
6.717592592592593
0.17673540115356445
0.9865631543644152
6.539930555555555
0.19426202774047852
0.9804346090162739
15.901909722222221
0.17433857917785645
0.9781963832898365
15.672916666666666
0.1937103271484375
0.9574575031212473
11.532986111111112
0.19339299201965332
0.9602581849244327
7.922453703703703
0.1748950481414795
0.9717491479555247
10.18479938271605
0.17677927017211914
0.9713194182391773
10.972511574074074
0.17424941062927246
0.969382471493556
11.841224747474746
0.17500019073486328
0.9852701098432597
10.906881313131313
0.19272732734680176
0.9873822272248252
12.021180555555556
0.18920111656188965
0.9789473336374327
17.007575757575754
0.17705225944519043
0.9814979299125639
14.059722222222224
0.17330551147460938
0.9760630755769918
11.296585648148147
0.17472553253173828
0.9863649553950179
9.716021825396822
0.17746829986572266
0.9803926083251099
11.660218253968257
0.18500399589538574
0.983297518894987
8.632233796296296
0.18279051780700684
0.978263187282645
8.596450617283951
0.19233369827270508
0.9868546365914788
9.358024691358024
0.17561650276184082
0.9877186142397953
6.830929487179487
0.1944599151611328
0.9821712090327192
10.06116452991453
0.1788485050201416
0.9691527868253704
7.360795454545456
0.17600703239440918
0.9826079288465474
8.342881944444445
0.1743323802947998
0.9779336554639689
8.052617521367521
0.19379162788391113
0.9787489187471288
10.891369047619047
0.19299721717834473
0.9851576425406853
6.958066239316239
0.19214987754821777
0.9771167533553717
7.0621843434343425
0.17393732070922852
0.9821247959261438
6.992424242424243
0.19403982162475586
0.9916967924862661
11.762152777777779
0.17383718490600586
0.9876333787169699
11.267992424242424
0.17443299293518066
0.9838054391836372
9.171006944444445
0.17462372779846191
0.9831617937348566
11.38136574074074
0.19402432441711426
0.9891926245226103
13.276388888888889
0.17693662643432617
0.9950396080883886
9.59519675925926
0.1799936294555664
0.9827790790751655
11.129273504273506
0.19188284873962402
0.9821641284498716
10.254540598290598
0.18174409866333008
0.9698646358658057
10.40029761904762
0.17640280723571777
0.9683775271648573
8.152083333333332
0.17402052879333496
0.9719765725015448
10.313657407407408
0.17447137832641602
0.9687747926242094
11.984775641025639
0.17387723922729492
0.9853977839724453
8.475694444444445
0.18262410163879395
0.989670301548984
8.856691919191919
0.17405223846435547
0.980763805131921
8.814583333333333
0.17345261573791504
0.9686143565726814
10.371119281045752
0.174835205078125
0.9843484944024504
10.227941176470587
0.18459606170654297
0.9897464344283536
8.871732026143789
0.18230438232421875
0.9784477634033328
9.233289930555555
0.19434833526611328
0.9881870053093972
10.524553571428571
0.18062782287597656
0.9720346559278856
8.76875
0.17397713661193848
0.9713311434500784
12.931623931623932
0.1728041172027588
0.9763778210683073
7.784143518518519
0.17341303825378418
0.9664349925870195
8.016666666666666
0.17554068565368652
0.985873227614391
11.01232638888889
0.1855325698852539
0.9745227671720524
10.350925925925928
0.17537188529968262
0.9708945833019468
12.034490740740742
0.19272089004516602
0.9769699590178045
12.4593253968254
0.17793846130371094
0.985285942330518
11.335416666666667
0.17726469039916992
0.9777516076244139
10.864120370370369
0.19420838356018066
0.9840205118301081
12.773200757575758
0.1764066219329834
0.9758072962953578
11.8031045751634
0.17972588539123535
0.9863200134169979
13.391010802469138
0.19017720222473145
0.9768785631287853
11.10108024691358
0.1936635971069336
0.9891243165785784
11.082368827160495
0.1752796173095703
0.9693604137455432
11.416170634920636
0.195021390914917
0.9794987420869475
14.09220679012346
0.17481040954589844
0.9752565874209448
9.916666666666663
0.19614458084106445
0.9691530505670087
10.861805555555556
0.18205642700195312
0.984052701110733
11.563492063492065
0.17290067672729492
0.9731600894747103
14.512369791666668
0.17565584182739258
0.9753766862241812
12.033088235294118
0.19105243682861328
0.9807550890393695
11.368827160493828
0.1728048324584961
0.9772640899476777
12.157407407407408
0.1813335418701172
0.9858091519041585
15.97800925925926
0.19680190086364746
0.998060072513854
11.428362573099417
0.19566988945007324
0.9869829151518764
13.48702485380117
0.18234467506408691
0.9926505530315526
11.787760416666668
0.1932528018951416
0.989343101635133
11.168836805555555
0.18535447120666504
0.9880522433045579
11.819648692810455
0.18105769157409668
0.9935810393640446
11.545138888888888
0.19766807556152344
0.9880182670532215
11.858024691358024
0.1818065643310547
0.9928286278541526
14.36656746031746
0.18558955192565918
0.974627642274701
16.589209401709404
0.19547033309936523
0.9896621754516489
15.658775252525253
0.18549466133117676
0.9781063102928427
12.624053030303033
0.19340109825134277
0.9812675202515909
11.660416666666666
0.20879364013671875
0.9782281809121816
12.209201388888888
0.19080114364624023
0.979431959476824
10.274305555555555
0.17470884323120117
0.9854548829121884
7.872299382716049
0.17200875282287598
0.9807064117677218
7.185329861111112
0.19484782218933105
0.9798720828973396
11.366319444444445
0.19930577278137207
0.9753876090875971
10.71875
0.18789362907409668
0.9762638806136008
10.934027777777775
0.19211077690124512
0.9811709318675393
10.672123015873016
0.19343161582946777
0.9761135218081187
6.591765873015873
0.19777250289916992
0.9708659020846927
11.05952380952381
0.1935749053955078
0.9682057084283959
8.078703703703702
0.18082642555236816
0.9676339116353349
11.609217171717173
0.1892228126525879
0.9685706796774204
13.176388888888889
0.17546463012695312
0.9752853013459558
9.466145833333334
0.18047285079956055
0.9636234831436068
7.357954545454546
0.19374775886535645
0.9673075813205207
8.884645061728396
0.18818449974060059
0.9706082344464888
13.922123015873018
0.1875014305114746
0.9638933541465292
7.270399305555557
0.1992793083190918
0.9724400374589582
8.475694444444443
0.17239761352539062
0.9799637142255885
11.532242063492065
0.17628788948059082
0.9804216720006191
10.65151515151515
0.18365049362182617
0.9768365952153614
10.201704545454545
0.17853355407714844
0.9846828230605509
6.695486111111111
0.1843564510345459
0.984179245758193
7.281746031746032
0.18093061447143555
0.9828694762470002
6.243055555555555
0.19356584548950195
0.9627625885209856
18.194444444444446
0.18395638465881348
0.9662548069018801
5.0978009259259265
0.1948699951171875
0.98673363663876
12.783333333333333
0.17551612854003906
0.9825733153555735
12.371527777777779
0.17786836624145508
0.9812481627009729
9.394675925925927
0.1909008026123047
0.9795092147587894
11.366030092592593
0.1885840892791748
0.9701080109743573
11.732060185185185
0.19481706619262695
0.9791934437368357
10.099305555555556
0.17879486083984375
0.9736572402361873
10.50636574074074
0.19575905799865723
0.9769420201138541
5.385030864197532
0.1950361728668213
0.9642050331058917
7.788580246913579
0.1916332244873047
0.9787658123725536
12.582947530864198
0.17233920097351074
0.9859443274077422
6.31221064814815
0.1936187744140625
0.9779839465800831
5.717361111111112
0.1944723129272461
0.9857986700605442
7.987152777777777
0.19636225700378418
0.9757474609509277
6.848765432098766
0.19998812675476074
0.9759078850371464
7.862847222222221
0.19296503067016602
0.9694832982369216
8.722800925925926
0.19542837142944336
0.9745578559926388
3.348958333333333
0.1891326904296875
0.9776784097349621
9.70486111111111
0.18214201927185059
0.9780471678530712
9.628968253968255
0.18985438346862793
0.9724207844560039
7.886284722222222
0.18195843696594238
0.9636852283450354
7.71577380952381
0.17438626289367676
0.9828201323937328
10.6875
0.17340779304504395
0.974930512016719
10.740354938271603
0.17987823486328125
0.9693223600305544
11.503968253968255
0.17409944534301758
0.968913650622796
23.171626984126984
0.19075870513916016
0.9674303220884356
13.143353174603174
0.1759333610534668
0.9724247875594265
10.558159722222221
0.1875162124633789
0.9819067568640624
14.007440476190476
0.1853647232055664
0.9809072336926815
12.011284722222223
0.19606637954711914
0.9685747536261015
11.37654320987654
0.19388413429260254
0.9598272742450646
11.82248263888889
0.19193482398986816
0.969628257531191
9.140376984126984
0.17610597610473633
0.9749202312018839
18.021701388888893
0.18827176094055176
0.9695092335275326
5.5479166666666675
0.18301796913146973
0.9583573213492078
7.4288194444444455
0.18051791191101074
0.958069151354283
4.923611111111111
0.17783522605895996
0.9735776642465993
9.15798611111111
0.18776774406433105
0.9691378961856781
9.453125
0.18928933143615723
0.972401828410956
10.930059523809522
0.183837890625
0.9679168472664951
13.523726851851853
0.17635059356689453
0.9655128772571102
10.145833333333334
0.17482542991638184
0.9538845342300721
11.951388888888888
0.19558000564575195
0.9702096446650222
8.13454861111111
0.17774081230163574
0.9831681014129525
11.030671296296296
0.18332314491271973
0.9663998549240487
6.176587301587301
0.19293999671936035
0.953155609897731
8.236689814814815
0.18591833114624023
0.9785630985716212
16.916087962962962
0.174668550491333
0.9786841048733973
18.73784722222222
0.19486618041992188
0.9795355320287163
9.34424603174603
0.1944427490234375
0.9739241044174631
10.960763888888888
0.17823100090026855
0.9719056619570097
9.53298611111111
0.19293785095214844
0.9784713566052037
6.961805555555556
0.19256043434143066
0.9748315919591157
9.68185763888889
0.19304490089416504
0.9815654463659602
4.021701388888889
0.17958641052246094
0.9732668110213968
7.940972222222221
0.17426180839538574
0.9547552386944628
6.365162037037037
0.2122056484222412
0.9778698625307454
7.358796296296297
0.1745893955230713
0.9679706371809143
11.836309523809522
0.17713451385498047
0.9695255657908768
9.306051587301587
0.18375086784362793
0.9647187777616267
7.24807098765432
0.17511415481567383
0.9801207097026324
19.75347222222222
0.1933293342590332
0.9746500600750493
16.87326388888889
0.17779326438903809
0.972868379265438
14.455853174603174
0.18422150611877441
0.9796305753251724
9.240162037037038
0.19609332084655762
0.9669439348776546
9.696527777777778
0.19623160362243652
0.9792802456018564
12.395299145299143
0.1921398639678955
0.9645346329322442
12.131076388888888
0.17998766899108887
0.9856234641213891
12.128761574074074
0.1931934356689453
0.9864645963732344
12.614583333333332
0.18609857559204102
0.9806091578632969
9.673926767676768
0.17818188667297363
0.9808329889908837
6.281635802469136
0.19596242904663086
0.9874132926125335
15.28472222222222
0.17912673950195312
0.971125844624176
9.506944444444445
0.1957685947418213
0.9566501562734651
9.956018518518519
0.17739367485046387
0.9755044172796741
8.348958333333334
0.19820570945739746
0.9661713384707887
8.931423611111112
0.19320440292358398
0.9793769405212674
7.543402777777778
0.17377352714538574
0.9745551137811199
15.264322916666666
0.19131183624267578
0.9802747144093085
12.28530092592593
0.17687225341796875
0.9753012736807773
7.577256944444445
0.1744992733001709
0.9813161328845422
7.104662698412698
0.1726231575012207
0.9630244841439435
5.2965277777777775
0.17737293243408203
0.9842738834634902
11.45138888888889
0.19322729110717773
0.9745497932997934
13.60030864197531
0.19809961318969727
0.9777949019990098
8.795634920634921
0.18258094787597656
0.9854867895667752
13.048263888888888
0.1845717430114746
0.9810478068149991
17.273611111111112
0.17652034759521484
0.9737615279397817
12.107253086419753
0.18653368949890137
0.9610448127656138
10.840277777777779
0.1825404167175293
0.9739407474329691
11.743055555555555
0.1933729648590088
0.9796486322251062
9.83420138888889
0.17834973335266113
0.9722711163711787
11.019097222222223
0.19583845138549805
0.9805942288770431
11.723379629629628
0.1978626251220703
0.9848854558658481
9.424479166666666
0.19637298583984375
0.9775028835506218
7.675347222222221
0.1779770851135254
0.9910487469108158
6.127893518518518
0.194610595703125
0.9799869013552246
7.842447916666667
0.18544983863830566
0.9795774323768826
12.328819444444445
0.19412994384765625
0.9890514889566121
8.102430555555555
0.19636917114257812
0.9761449714272294
6.197916666666667
0.1942439079284668
0.964327095935828
6.814236111111112
0.17588305473327637
0.9622096296759667
9.272817460317459
0.17587614059448242
0.9817122348352749
10.42013888888889
0.17395448684692383
0.9780666083955556
12.24435763888889
0.18214869499206543
0.9780291076577133
16.43634259259259
0.17766213417053223
0.9844675722593148
19.04224537037037
0.19827795028686523
0.9850292643674996
5.802083333333334
0.1803750991821289
0.9840113364739312
8.42261904761905
0.175612211227417
0.9832682598400498
20.355654761904763
0.18222451210021973
0.9643626471970873
8.96875
0.19451022148132324
0.953552312848917
10.449652777777779
0.18016386032104492
0.9758911104881574
9.836033950617283
0.1757829189300537
0.9824039991792559
11.536706349206352
0.19508051872253418
0.985156478593011
15.64737654320988
0.17279958724975586
0.9773519789309263
6.847916666666667
0.19771814346313477
0.9884971976130513
5.684027777777779
0.18145251274108887
0.9833160684631272
11.370535714285714
0.19337201118469238
0.9709966379458934
9.547123015873014
0.1923353672027588
0.9783940989947664
11.01736111111111
0.18758440017700195
0.9849374268822277
8.558531746031745
0.19546079635620117
0.9806366684541332
7.019497863247863
0.19129204750061035
0.9791529777897849
9.444830246913577
0.17461872100830078
0.9808640874366162
10.845085470085468
0.1734609603881836
0.9844893780343738
9.087239583333336
0.17780613899230957
0.983836421143151
12.980034722222221
0.19584012031555176
0.9799793678693216
11.649594907407407
0.2034287452697754
0.9785481185622357
10.227588383838386
0.19419431686401367
0.9818917580726103
12.917052469135804
0.18555545806884766
0.980023045497715
8.69868827160494
0.19500160217285156
0.9825613973372221
9.56712962962963
0.1785445213317871
0.9662974659789552
7.856944444444444
0.18587422370910645
0.9754060085639032
17.058035714285715
0.17391467094421387
0.9816967564397185
12.417735042735044
0.18270373344421387
0.9810574684000664
4.454427083333333
0.17354440689086914
0.9795679311468785
7.53923611111111
0.17526030540466309
0.9864406573270087
10.711309523809522
0.19548749923706055
0.9842843412610855
11.921440972222223
0.17686772346496582
0.9849046315850117
10.700854700854702
0.19118499755859375
0.9607362534142719
8.477430555555554
0.18033885955810547
0.9819623283821505
7.891782407407407
0.18294739723205566
0.973630459087807
14.674479166666666
0.1806797981262207
0.9763746343724976
13.546296296296298
0.199629545211792
0.9715677182731804
10.609126984126984
0.18022441864013672
0.9848393401633166
12.032407407407407
0.17753028869628906
0.9821792078483976
11.755208333333334
0.17454123497009277
0.9862460014879827
8.461111111111112
0.19257164001464844
0.9892145533931366
12.199459876543209
0.1927647590637207
0.9794692255655443
6.948688271604938
0.17521977424621582
0.9746013522892211
8.6875
0.19298410415649414
0.9779632965575679
12.492013888888888
0.19148683547973633
0.9847113415258577
16.54123263888889
0.18262600898742676
0.9812578664571076
12.905815972222221
0.1931779384613037
0.9887692497837103
9.239004629629632
0.194382905960083
0.9801888299872171
11.45486111111111
0.1935880184173584
0.9773130238665118
11.84645061728395
0.1975574493408203
0.9738411238411239
11.30324074074074
0.19301462173461914
0.9589663202491524
9.025462962962964
0.19539809226989746
0.9769473470875795
7.822420634920634
0.17787957191467285
0.9847251801349184
8.699900793650794
0.172898530960083
0.9667503256548733
11.195023148148147
0.17984247207641602
0.9899868637110016
12.903356481481481
0.18074369430541992
0.9839677986031422
11.24404761904762
0.19728374481201172
0.9849262508286424
11.632330246913579
0.18026232719421387
0.9777307677444813
14.553819444444443
0.1930685043334961
0.9731531990972492
14.006944444444446
0.18266510963439941
0.9771822658373892
13.659336419753087
0.18525338172912598
0.9751552544171285
9.07354797979798
0.17291665077209473
0.9796575910438535
6.292824074074073
0.19153904914855957
0.9776407886131888
9.557986111111111
0.17337441444396973
0.9688070789830788
7.265817901234568
0.19604706764221191
0.9736504779956433
8.12962962962963
0.19539260864257812
0.9688411223648709
8.62673611111111
0.19557762145996094
0.9748649193850433
10.546085858585858
0.17653465270996094
0.9914328801828801
8.527777777777779
0.17592811584472656
0.9868599136351703
8.959375000000001
0.19280695915222168
0.9847576692737982
9.988591269841269
0.19324922561645508
0.9744104150334801
14.759982638888888
0.175154447555542
0.9814254917554774
8.077083333333334
0.19640517234802246
0.9856778618331891
8.046875
0.19730448722839355
0.9815700361399975
9.93721064814815
0.17623353004455566
0.9806558760924508
7.296875
0.19092345237731934
0.9775686587162242
10.45798611111111
0.17618417739868164
0.9660634340153401
13.344017094017097
0.19676589965820312
0.9830460909530677
10.32908950617284
0.17427635192871094
0.9808423040202577
15.036265432098768
0.19493412971496582
0.9781204906204907
12.876302083333334
0.17760801315307617
0.9769175928199844
15.898533950617285
0.17702174186706543
0.97587372231037
12.235795454545455
0.18572258949279785
0.979432567115494
10.2578125
0.19444656372070312
0.9776022680434446
9.440277777777776
0.19488310813903809
0.9716199310378028
8.417658730158731
0.1948254108428955
0.9773348610877215
18.56539351851852
0.19380569458007812
0.9798089591567851
12.786210317460318
0.1820240020751953
0.9662046611617512
15.618055555555555
0.1921827793121338
0.9748765666007045
10.183333333333334
0.17375612258911133
0.9734693215053036
14.340277777777777
0.1928551197052002
0.9719504337479721
14.359375000000002
0.17457175254821777
0.9843073216757428
10.180989583333334
0.18947410583496094
0.968979604273722
8.218749999999998
0.1793227195739746
0.97994930568559
9.124131944444446
0.19406914710998535
0.9794063521098405
9.326736111111112
0.1779646873474121
0.9728690128841943
13.138541666666669
0.17694354057312012
0.9812597047321051
19.967013888888886
0.19206809997558594
0.9815420902842255
11.305059523809522
0.17842984199523926
0.9734136089254831
8.682638888888889
0.1944115161895752
0.9734689921241154
7.551587301587301
0.1807546615600586
0.9688662123907952
8.344907407407408
0.17444515228271484
0.9730319968447261
10.09992283950617
0.19303321838378906
0.9863950567945382
9.327991452991451
0.17614173889160156
0.9801668696127569
8.00248015873016
0.19318032264709473
0.96633184773918
10.422646604938272
0.19428062438964844
0.9860404562277167
11.122863247863247
0.17786145210266113
0.9790665016778672
8.852314814814815
0.1753098964691162
0.9897288848121757
9.724652777777779
0.1753368377685547
0.9899202369483291
7.125631313131313
0.1728661060333252
0.9712715853282513
14.077546296296296
0.17485904693603516
0.9826895759596996
11.750496031746033
0.17409801483154297
0.9761469315127851
10.615575396825397
0.17621731758117676
0.9718492122202025
9.459027777777777
0.17760658264160156
0.9721519059785745
9.899305555555555
0.17471075057983398
0.9885187343808034
11.292297979797981
0.19265151023864746
0.9841198644488119
8.875434027777779
0.17858076095581055
0.9914512459684384
10.949459876543209
0.17434310913085938
0.9846100855296257
13.81547619047619
0.19982409477233887
0.9924269819539072
12.898313492063492
0.17719817161560059
0.9714081906737143
12.492559523809524
0.17444849014282227
0.9707436159561958
11.11882716049383
0.1792604923248291
0.9855033270822744
12.360795454545455
0.1849827766418457
0.9915221791692378
12.827967171717171
0.1802961826324463
0.989065444359562
8.747106481481481
0.18221282958984375
0.9896751373221961
10.809606481481481
0.19278788566589355
0.9843216263899376
9.509154040404042
0.17455601692199707
0.9889066989066987
12.317129629629628
0.1778426170349121
0.990671839867242
7.923611111111112
0.19351959228515625
0.9701384215946935
16.120225694444443
0.1843721866607666
0.9688834528801481
17.592261904761905
0.19276928901672363
0.9552444067861358
11.645833333333332
0.17413902282714844
0.9732476145505434
17.15902777777778
0.1786794662475586
0.9615742626557632
13.120225694444445
0.1760396957397461
0.958640500769267
9.476190476190476
0.17455768585205078
0.9867579899158846
18.54123263888889
0.1930229663848877
0.9737015485082784
12.165972222222223
0.17451810836791992
0.9740998274414833
11.309523809523808
0.18389129638671875
0.9676683481304793
14.236111111111112
0.17675995826721191
0.9814901188755178
8.815656565656566
0.19327807426452637
0.9758236281600963
12.051793981481481
0.18325304985046387
0.9761494554478105
12.71875
0.1896960735321045
0.9768784974199854
9.410353535353536
0.17300033569335938
0.9824761762481606
8.101228632478634
0.19271111488342285
0.9707064040853077
9.668981481481483
0.1752777099609375
0.9819883254324412
8.497178819444445
0.17669081687927246
0.9924627895430684
8.390224358974358
0.18474292755126953
0.9775003114392716
14.160879629629628
0.18226861953735352
0.9820121048154266
13.078317901234568
0.1756589412689209
0.9849689607666378
7.590277777777778
0.1739511489868164
0.9778520644565366
6.984126984126985
0.1774280071258545
0.9739861769156978
12.179976851851853
0.17514848709106445
0.9705734828315472
9.056249999999999
0.19393563270568848
0.9708316119869392
5.952430555555556
0.18538832664489746
0.9730022514387838
9.64375
0.1796572208404541
0.9693919609709083
6.358680555555556
0.17692136764526367
0.9712651607639503
10.878472222222223
0.19278526306152344
0.9632226544255531
4.759548611111111
0.1831498146057129
0.9745954556496221
17.670138888888893
0.17464160919189453
0.9701894111959077
5.958333333333333
0.1923987865447998
0.9745980962910248
14.70486111111111
0.1755824089050293
0.9567020471882594
16.57523148148148
0.18207049369812012
0.9721198457641727
12.62152777777778
0.18968558311462402
0.9670348091667876
11.251157407407408
0.1750624179840088
0.9794126106728291
12.988425925925926
0.18616747856140137
0.9890658560426002
14.708622685185185
0.1996927261352539
0.9810254494876964
11.231944444444448
0.1816854476928711
0.9738358107622455
13.837673611111109
0.17553353309631348
0.972586955698201
13.169753086419753
0.17611336708068848
0.9790198323812924
15.384920634920634
0.17489123344421387
0.986252144539217
7.840811965811966
0.1777021884918213
0.9682247201741926
12.54861111111111
0.1734302043914795
0.9686654200194134
8.162760416666666
0.195906400680542
0.9781775894278765
6.559027777777777
0.18241024017333984
0.9684395921159553
8.76701388888889
0.19535565376281738
0.978895307746081
7.503472222222221
0.1762990951538086
0.9813277984456137
8.670673076923078
0.17638635635375977
0.9747924136793866
7.648042929292928
0.17648673057556152
0.9822574344407364
5.352904040404041
0.1743006706237793
0.9650581473454455
8.369212962962962
0.17834854125976562
0.9785300257964552
8.422123015873016
0.17375612258911133
0.9795075272142773
8.006143162393162
0.1735537052154541
0.9707880550849501
9.787037037037038
0.1731729507446289
0.9679917885731839
8.489583333333332
0.1733996868133545
0.9779839602011665
8.905324074074075
0.18100881576538086
0.980895619817583
8.33779761904762
0.17609238624572754
0.972957670271238
7.987268518518518
0.19268345832824707
0.9690567340141355
7.939236111111112
0.1786036491394043
0.973453770561514
13.379629629629632
0.17795324325561523
0.986788919831379
15.202314814814814
0.17400789260864258
0.9837769626929148
10.47809829059829
0.17394399642944336
0.9780312598686969
11.178240740740742
0.19530391693115234
0.9769591565803297
11.639880952380953
0.1759939193725586
0.9831212828003602
8.883814102564104
0.18033671379089355
0.9892875661795116
9.05982905982906
0.1824638843536377
0.9860555375292319
6.891292735042736
0.1736001968383789
0.9799365281109168
8.43560606060606
0.17551779747009277
0.9721558310686792
10.338831018518519
0.1758105754852295
0.9774293978806278
11.919604700854698
0.17569994926452637
0.9636837676123581
11.799537037037037
0.18726801872253418
0.9808950931214121
7.421875
0.17739295959472656
0.9834801021175004
7.325757575757578
0.17673873901367188
0.9796720227909655
7.556597222222223
0.17301177978515625
0.9719463352784597
9.263888888888888
0.18987321853637695
0.9769437736464351
9.189525462962964
0.17771172523498535
0.9786060792072457
9.477777777777778
0.17574453353881836
0.9736777991126754
9.44135802469136
0.17357134819030762
0.9770121912956654
8.357638888888888
0.1790025234222412
0.9804418466081976
7.94212962962963
0.17356109619140625
0.9743365606045274
8.23582175925926
0.173875093460083
0.9846523275997492
8.244791666666666
0.17366552352905273
0.9853501238426409
9.607349537037036
0.18022871017456055
0.9745220049796515
10.583719135802468
0.18090367317199707
0.9790115197941919
7.030092592592593
0.17598938941955566
0.970234783189455
13.15625
0.17579436302185059
0.9692787058425046
6.148726851851852
0.18277359008789062
0.966297261678377
4.783179012345678
0.17249560356140137
0.9660171568995098
6.2878086419753085
0.1981945037841797
0.9732543959628475
5.3197601010101
0.19445371627807617
0.9746819990865903
13.211805555555554
0.1743626594543457
0.9763811634092554
18.15659722222222
0.1760387420654297
0.9621950866715128
9.484374999999998
0.17958879470825195
0.9827185728788571
8.035416666666666
0.17762303352355957
0.9818942863602307
9.100694444444445
0.18711471557617188
0.9767785517721334
10.131558641975309
0.17431306838989258
0.9819187359232736
6.8975694444444455
0.1941385269165039
0.9764574102291871
6.170524691358024
0.17537236213684082
0.9723422611954355
9.903769841269844
0.17297768592834473
0.976239287589988
8.529040404040403
0.17499899864196777
0.9689084409759178
9.515046296296296
0.17429780960083008
0.975926209365126
9.121180555555556
0.17649245262145996
0.9792233553428147
10.982928240740742
0.1713860034942627
0.9869718395367489
16.665674603174605
0.17635297775268555
0.9758432224221697
16.243489583333332
0.19480323791503906
0.9820880274538811
11.391059027777779
0.17409563064575195
0.98688157718718
9.821180555555557
0.1792902946472168
0.9614616502103416
7.779761904761904
0.17674994468688965
0.9797718685535215
10.52517361111111
0.19281268119812012
0.9766975212911874
9.51345486111111
0.1743628978729248
0.9716952143558847
6.516059027777778
0.17881512641906738
0.9827179190082416
9.141975308641976
0.1776421070098877
0.9773379993679401
14.176587301587302
0.1948854923248291
0.9689863220967224
10.888888888888888
0.17439723014831543
0.946120452626706
9.991319444444445
0.1922440528869629
0.9771360855736088
9.177083333333332
0.18505144119262695
0.9721294634967592
14.405381944444443
0.19328904151916504
0.9694893010946862
14.466145833333334
0.1764078140258789
0.9791296919817388
13.774594907407407
0.1764390468597412
0.9889844124165993
13.344444444444443
0.19459319114685059
0.9750545787171726
10.604456018518517
0.17806363105773926
0.984043466999203
8.457407407407407
0.17665910720825195
0.9746395464829547
9.17332175925926
0.1758255958557129
0.984856977438922
7.319444444444444
0.17594575881958008
0.9754841993176271
6.076388888888889
0.17603802680969238
0.9849550207740407
7.771701388888888
0.17543458938598633
0.9760896284042776
9.986805555555556
0.17595171928405762
0.9668643764709504
9.738194444444444
0.17662620544433594
0.9737365243260361
10.421180555555555
0.17350482940673828
0.9693629330948011
12.78761574074074
0.17587065696716309
0.9702584151222611
9.373958333333333
0.1778252124786377
0.9763539685171565
9.727182539682541
0.18326854705810547
0.9781291542522399
11.84375
0.1964094638824463
0.9791353648466032
11.117739898989898
0.1958467960357666
0.9758553175986013
11.246527777777777
0.1875612735748291
0.9793645144743397
13.078414351851853
0.17409205436706543
0.9779059437055244
9.14709595959596
0.1763300895690918
0.9794740979464984
9.165123456790125
0.19327211380004883
0.9620040916594148
9.715856481481481
0.17717289924621582
0.9788124126403235
6.428571428571429
0.17740178108215332
0.9784477886960069
6.834635416666666
0.17618918418884277
0.9668321579060494
12.906712962962963
0.19519996643066406
0.9844370929927845
9.996527777777777
0.1730797290802002
0.9643194265202996
7.882378472222222
0.18549895286560059
0.9794337077645672
7.710503472222222
0.17290663719177246
0.9684895603188285
11.323611111111111
0.17406535148620605
0.9794512858399603
7.98755787037037
0.1741323471069336
0.9788174707714357
8.169642857142858
0.1828291416168213
0.9681808430014247
9.588942307692308
0.18074822425842285
0.9737596297577877
12.96064814814815
0.17982816696166992
0.9726761970651288
10.896412037037038
0.17972135543823242
0.9744221002815097
8.954513888888888
0.1728966236114502
0.9792022281744673
7.599537037037036
0.17489361763000488
0.9698158218658783
6.165426587301587
0.17501497268676758
0.9798948821936485
8.750868055555555
0.17918896675109863
0.9829959379832922
10.963541666666666
0.17599129676818848
0.9769353149154413
6.332341269841271
0.19451403617858887
0.9886425744830977
7.481867283950617
0.1847846508026123
0.975085942744085
7.8046875
0.1745319366455078
0.9581998664765276
7.0743634259259265
0.174485445022583
0.9765275602008482
5.426215277777778
0.17418837547302246
0.9751430572839475
5.319791666666667
0.1815633773803711
0.9793308388573397
9.84909188034188
0.17381906509399414
0.9521754040506673
9.266975308641975
0.17596006393432617
0.97673260061296
11.663461538461538
0.1824939250946045
0.9679169512150546
9.312500000000002
0.17593073844909668
0.9720823712317902
8.18655303030303
0.17150616645812988
0.9832679330592863
9.621527777777779
0.17552518844604492
0.9689260612195869
6.966540404040404
0.1900317668914795
0.9822626248967061
6.148237179487181
0.1782069206237793
0.9796892699616288
10.621794871794872
0.17554807662963867
0.9800751956800193
14.295910493827162
0.19591188430786133
0.9770718267968878
6.1402777777777775
0.17592501640319824
0.9826730376616563
8.0
0.17662358283996582
0.9702858677372813
9.08996212121212
0.17624163627624512
0.9803531759835244
8.732142857142858
0.1741025447845459
0.9816981378534652
8.595959595959597
0.17451739311218262
0.9659647444371449
6.711174242424241
0.17574071884155273
0.9810543963621882
7.835227272727274
0.18821167945861816
0.9703937079489544
11.493551587301587
0.18244290351867676
0.9723544777126706
13.32142857142857
0.19568252563476562
0.9644229563677574
6.907118055555555
0.1896655559539795
0.9765091349815356
8.008873456790123
0.19441604614257812
0.9779159161230364
5.953125
0.1753828525543213
0.9775155948840158
5.877430555555556
0.17529702186584473
0.9648635596788729
6.074404761904761
0.18319272994995117
0.9791297409561167
4.432539682539682
0.18358469009399414
0.9778528255465594
10.031828703703704
0.18372249603271484
0.9596669242401773
8.534722222222223
0.17748165130615234
0.9787183524490025
5.038194444444445
0.1909792423248291
0.9583058248181725
6.900297619047619
0.1755688190460205
0.955832067373813
7.161805555555555
0.17893075942993164
0.9813489950892619
9.969742063492065
0.17449116706848145
0.9658018733954415
12.53472222222222
0.1730196475982666
0.9793193478902746
11.185416666666665
0.1931757926940918
0.9926797426797427
10.14453125
0.179703950881958
0.9771937097031975
6.849206349206349
0.1785295009613037
0.9777091117935522
6.2638888888888875
0.17528891563415527
0.9870463574245554
9.79513888888889
0.17549657821655273
0.9832047032686713
5.461226851851851
0.17580366134643555
0.9648825425216785
6.459325396825397
0.17637109756469727
0.9524453552629465
4.997916666666667
0.19418048858642578
0.9747544666820028
5.52361111111111
0.19491219520568848
0.9594458247066943
8.008101851851851
0.17837762832641602
0.9691400876688234
5.762896825396825
0.17545104026794434
0.9788817988238278
2.7270833333333333
0.17423367500305176
0.9753013342836813
7.4833333333333325
0.1930994987487793
0.9682355106407757
8.2734375
0.17514467239379883
0.9672559136163142
7.652777777777779
0.17873644828796387
0.983138324000393
4.730902777777778
0.19373631477355957
0.9803612104089486
8.768055555555556
0.17625164985656738
0.9695895669889921
12.605902777777777
0.18600964546203613
0.9862707441489422
9.228174603174605
0.1733400821685791
0.9612598063371145
8.428819444444445
0.18428564071655273
0.9659251930555321
4.42554012345679
0.17824006080627441
0.9827172315747584
7.137400793650793
0.17368364334106445
0.9710483135288475
13.80704365079365
0.17507076263427734
0.9884389660860248
10.275694444444444
0.1777503490447998
0.959991232530737
9.170634920634921
0.17543601989746094
0.9683787559729589
8.98015873015873
0.1750340461730957
0.9591938704206121
9.928819444444445
0.18365168571472168
0.9896738872026228
13.195833333333335
0.17579197883605957
0.9735205760573763
11.498511904761907
0.17728114128112793
0.9623575745002328
10.231867283950615
0.17586731910705566
0.9633446251902323
9.22723765432099
0.1770796775817871
0.9770628712311111
8.019675925925926
0.17456650733947754
0.9743292734092697
8.135850694444443
0.18380522727966309
0.9675067675747899
9.809027777777779
0.1733531951904297
0.9807411714475118
8.928075396825395
0.17717480659484863
0.9665952812977365
10.026785714285714
0.18835663795471191
0.9760161408856252
12.513888888888888
0.19265007972717285
0.968930614383418
7.501736111111112
0.17486214637756348
0.95701893733015
8.799479166666666
0.14563274383544922
0.9652634748927653
12.574652777777777
0.17611980438232422
0.9638937378494071
10.04513888888889
0.17957711219787598
0.9833500449291237
8.096064814814815
0.19249963760375977
0.9642066140508855
9.849206349206352
0.17778611183166504
0.9628181097347274
7.14525462962963
0.17659211158752441
0.9732951922609515
9.247106481481483
0.17428326606750488
0.9632144914369609
8.132638888888888
0.1753687858581543
0.9670466541015931
6.843171296296297
0.1791844367980957
0.9698716605589984
9.60451388888889
0.17577338218688965
0.9743912321030214
8.506944444444446
0.17645263671875
0.9720863521744272
18.818287037037035
0.17734694480895996
0.9860743220315735
9.847718253968253
0.17545318603515625
0.9861955745369725
6.752976190476191
0.17587971687316895
0.9728939509658828
7.400793650793651
0.1911756992340088
0.9726446368418931
4.333912037037036
0.17704033851623535
0.973583895433616
4.901041666666667
0.17418742179870605
0.9841175721651104
13.116319444444443
0.1759035587310791
0.9771542494009324
11.40079365079365
0.1741478443145752
0.9689271299498692
9.99074074074074
0.18503713607788086
0.9897342100175313
9.166319444444444
0.17233848571777344
0.9939780149860795
6.280381944444445
0.17384958267211914
0.9753221256367425
13.561111111111112
0.17222189903259277
0.9766568362356275
8.212301587301587
0.17628192901611328
0.9783461824433274
9.271412037037038
0.1746058464050293
0.9534010867666782
14.244791666666668
0.1924595832824707
0.9795631899891261
8.596788194444445
0.17648673057556152
0.9827088709365313
5.666666666666667
0.1760880947113037
0.9722166702960179
4.14484126984127
0.18920683860778809
0.972834453753994
3.134722222222222
0.19242000579833984
0.977370760770835
3.940972222222222
0.17818665504455566
0.9783295051700848
4.685185185185185
0.17590546607971191
0.9771794571995229
5.289930555555555
0.17847514152526855
0.9630678701839197
8.034226190476192
0.17359280586242676
0.980050603600054
6.715277777777777
0.18780803680419922
0.9818257686969655
11.62717013888889
0.1873152256011963
0.972809364973616
7.813271604938273
0.18535661697387695
0.9836838757050379
5.739267676767676
0.17560148239135742
0.9747322887522274
14.57688492063492
0.17503046989440918
0.9726950551106006
11.922916666666666
0.1932823657989502
0.9722697472338794
14.375771604938272
0.1751415729522705
0.9873409103306822
16.212606837606838
0.19373464584350586
0.9980781703362348
8.109375
0.17299652099609375
0.9854617506061785
5.361111111111111
0.17520642280578613
0.9794359469011017
6.873263888888888
0.17557144165039062
0.9760329714892434
10.324652777777779
0.1770784854888916
0.988817308479433
8.437499999999998
0.1748058795928955
0.9774929309625269
7.3506944444444455
0.19075918197631836
0.9774650258782138
11.509920634920636
0.17607927322387695
0.9709142547156026
9.763888888888888
0.17213082313537598
0.9751082261918176
9.5
0.1751108169555664
0.9748071914149763
12.92361111111111
0.1720411777496338
0.9763571835742039
11.5570987654321
0.17835021018981934
0.9771218233859664
12.196875
0.17491865158081055
0.9741050117815202
8.547979797979798
0.17256426811218262
0.9744970349139381
8.610042735042736
0.17200183868408203
0.9765343269731283
7.319444444444446
0.17406105995178223
0.9821517671517671
9.95296717171717
0.17496156692504883
0.9729028437846635
8.676736111111108
0.17458248138427734
0.9781716674000844
8.08449074074074
0.17404770851135254
0.9811700696102286
8.072569444444444
0.19724559783935547
0.9877194711341052
10.739149305555555
0.17675089836120605
0.9703323677548206
9.888020833333334
0.19561028480529785
0.9810443034127245
8.06712962962963
0.19427490234375
0.9864243914765736
6.3869598765432105
0.17604994773864746
0.9701363787306503
5.332465277777778
0.17579436302185059
0.9536549104448703
7.746527777777778
0.1750805377960205
0.9425974868705609
12.604166666666664
0.1755216121673584
0.9688239811718072
10.536210317460318
0.19355082511901855
0.970772915454359
10.385416666666666
0.17782115936279297
0.9705300746111133
18.439980158730158
0.17256903648376465
0.9773315075899718
9.536024305555555
0.1776416301727295
0.9734547115213541
11.023726851851853
0.19410395622253418
0.9942014599909336
10.032986111111112
0.18547725677490234
0.9881691773732851
15.335202991452991
0.18652606010437012
0.979640774011464
7.762152777777777
0.17702031135559082
0.9803847163290698
7.4482323232323235
0.1757187843322754
0.9903603847816371
9.016927083333332
0.18579530715942383
0.9910272232852879
6.285590277777778
0.17444515228271484
0.9843918661160039
7.053125
0.1782855987548828
0.98181278139732
9.584201388888888
0.17847442626953125
0.974041192736595
11.881944444444445
0.17638421058654785
0.969141411399476
13.098668981481481
0.17478656768798828
0.984069467506
13.328472222222222
0.17175579071044922
0.9903969764269358
8.231867283950617
0.18521666526794434
0.9874797847409735
8.209325396825397
0.17415452003479004
0.9845200021163548
11.469284188034187
0.17439985275268555
0.9806257072411978
11.370756172839505
0.1945204734802246
0.9654205666973581
6.491071428571428
0.1752779483795166
0.9731442975603717
6.722222222222221
0.17355060577392578
0.9851689815975531
11.323784722222221
0.18351101875305176
0.9851919813114406
7.851466049382718
0.17880487442016602
0.9837263959215179
7.198302469135803
0.18070578575134277
0.9805816391883801
7.245486111111111
0.17534637451171875
0.9869894776831394
5.6625000000000005
0.17619061470031738
0.9749538447119092
7.247829861111111
0.17657971382141113
0.9741681464788011
10.828703703703704
0.17756938934326172
0.9820062734209076
13.707754629629628
0.1934375762939453
0.9701209666050374
11.633432539682541
0.19612383842468262
0.9750827390875755
11.431502525252526
0.17925000190734863
0.9814249197375275
9.179012345679014
0.17686986923217773
0.9727426798092396
9.953525641025642
0.18202733993530273
0.9872102287398614
8.337606837606838
0.17470169067382812
0.9816684469991371
7.887152777777776
0.17917108535766602
0.9796615837499705
11.504629629629628
0.17899870872497559
0.9759556974768786
7.782585470085471
0.17259979248046875
0.965712012244748
5.383207070707072
0.1775209903717041
0.987018070490471
7.540404040404041
0.17555809020996094
0.9791560416866241
10.29716435185185
0.1769106388092041
0.9937166236003446
12.09236111111111
0.1889810562133789
0.9871106822649426
12.292735042735043
0.17567682266235352
0.9775040369522522
8.65435606060606
0.17576861381530762
0.9697900658391773
10.753156565656566
0.17632842063903809
0.9822084207747535
8.296875
0.18169403076171875
0.9693444819722096
9.597993827160492
0.17537903785705566
0.9907137133966403
7.175347222222222
0.17789816856384277
0.9823925957342515
9.581404320987652
0.17693209648132324
0.9826987956399721
11.506249999999998
0.17933917045593262
0.9816157655138873
9.025347222222221
0.19843006134033203
0.9713614758060728
10.062789351851853
0.17532730102539062
0.9717318478869713
8.065277777777778
0.17345881462097168
0.974668550092045
5.574404761904761
0.17492294311523438
0.98339104793444
9.26423611111111
0.17490816116333008
0.9885445267427655
7.854797979797979
0.19304108619689941
0.9839200049976732
8.067574786324787
0.19323062896728516
0.9564025037041387
6.984775641025641
0.19010496139526367
0.9818181223492154
8.835185185185184
0.17412662506103516
0.969306007619283
9.111400462962964
0.17479228973388672
0.9717924913954298
7.625868055555555
0.17592811584472656
0.9784172024676224
9.38425925925926
0.19097590446472168
0.9718133202019186
9.873421717171716
0.18709778785705566
0.9858704608252952
9.0579594017094
0.17554020881652832
0.9878732798687921
7.4342757936507935
0.17641329765319824
0.9738973777731156
8.160763888888889
0.18696379661560059
0.9770775978476475
5.692866161616162
0.17377328872680664
0.9808711322023967
7.041377314814814
0.17558908462524414
0.9800156474714454
6.3143696581196584
0.17518281936645508
0.9846815718066508
8.582291666666666
0.1756885051727295
0.9920264278159014
8.13425925925926
0.17516064643859863
0.9708469095022368
10.898958333333335
0.19392108917236328
0.9740058009845215
8.930989583333332
0.17798280715942383
0.9664634331878292
6.621031746031746
0.17516493797302246
0.9673520059876634
6.41170634920635
0.1796436309814453
0.9769103034544211
7.627604166666666
0.17325234413146973
0.9780765755572258
8.427854938271604
0.17483282089233398
0.9822726611098705
10.067708333333334
0.19368338584899902
0.9893402208109457
9.293113425925926
0.17305207252502441
0.9865972927974946
10.24465811965812
0.17505812644958496
0.9856788850551037
11.319196428571427
0.19345974922180176
0.9807033315799203
11.607142857142858
0.17580533027648926
0.9723039504228932
10.833829365079364
0.1755082607269287
0.9755527234949478
7.989267676767674
0.19604134559631348
0.9740302709061219
12.288194444444443
0.17656445503234863
0.9631900574714327
9.919337606837606
0.1738753318786621
0.9812515183991782
8.141617063492063
0.17680692672729492
0.982274437859903
7.122829861111112
0.18136191368103027
0.9782780782940144
7.143325617283951
0.17574238777160645
0.974030780332765
5.598090277777778
0.1743028163909912
0.9810690014264545
6.839814814814815
0.17488598823547363
0.977536375396283
8.92777777777778
0.17272114753723145
0.9817127870086519
7.374537037037036
0.17361903190612793
0.972051247590897
7.345196759259259
0.17573308944702148
0.9739335074396359
5.147569444444445
0.17782092094421387
0.9766468419404978
6.086174242424243
0.17404627799987793
0.9904356539039321
9.118055555555555
0.17391252517700195
0.9804120280590869
7.0586419753086425
0.17376947402954102
0.9730869041352913
4.601128472222222
0.17457938194274902
0.992685768475242
7.500694444444446
0.1754004955291748
0.9740345290500088
6.978535353535353
0.18206000328063965
0.983797527306655
8.791666666666664
0.18197226524353027
0.978039832526503
7.078282828282827
0.1928091049194336
0.9647003921159377
10.120756172839506
0.18635988235473633
0.9649881419517505
5.914351851851851
0.1890566349029541
0.9705870511511072
8.087094907407408
0.19484901428222656
0.9730129502299706
6.615277777777777
0.17531514167785645
0.9812316649791648
6.183333333333334
0.18127918243408203
0.9831725463046177
6.110416666666667
0.19415831565856934
0.96046228112092
9.68213383838384
0.1759171485900879
0.9750143873569851
9.81539351851852
0.1926712989807129
0.975821536905128
5.977623456790123
0.1755506992340088
0.9824456566497644
9.04563492063492
0.17517971992492676
0.9867925256885463
8.178819444444445
0.17745685577392578
0.9686486729344808
10.434606481481481
0.19599103927612305
0.9886954219615511
20.953703703703702
0.17596125602722168
0.9749201578568903
13.27121913580247
0.1755521297454834
0.9779239655653263
8.844618055555554
0.18828940391540527
0.9684450478299582
7.1782407407407405
0.17426657676696777
0.9787463100843603
7.538888888888889
0.1945786476135254
0.9763000659074057
7.199999999999998
0.1775355339050293
0.984570307511484
7.433159722222222
0.19423127174377441
0.9819929966526677
13.123737373737374
0.1943986415863037
0.9844216554833485
8.091540404040405
0.1942756175994873
0.9911149669044406
6.048900462962963
0.19237089157104492
0.9704243601353791
9.842881944444445
0.18629693984985352
0.9791793171553231
8.45408950617284
0.1728818416595459
0.9739894822715608
9.008969907407407
0.18521928787231445
0.9763802657147891
7.669604700854701
0.17469048500061035
0.9756355976636897
6.474652777777777
0.1772325038909912
0.9724448283378647
10.410069444444446
0.19506287574768066
0.97850212565279
8.953993055555554
0.1822211742401123
0.9799847547532414
8.73611111111111
0.19369959831237793
0.9817419794759557
8.04513888888889
0.17676210403442383
0.9791737494642061
7.629540598290597
0.17813897132873535
0.9874810880824523
5.77013888888889
0.19431734085083008
0.9789467340682946
6.938301282051283
0.1946709156036377
0.9756679256179492
9.072222222222221
0.17448139190673828
0.969141217357255
7.854552469135801
0.1733098030090332
0.9794251752122475
7.547164351851851
0.19436907768249512
0.9869963828729713
7.155381944444444
0.1782851219177246
0.9833486912643787
4.705902777777778
0.1726241111755371
0.9854119351298553
6.557133838383839
0.1730031967163086
0.9776441588508341
9.460565476190476
0.19794058799743652
0.9721840453702437
8.628156565656566
0.18014812469482422
0.9732122800110603
6.626736111111112
0.17489314079284668
0.978906511274634
4.950617283950617
0.1728677749633789
0.9614577035000943
8.195746527777779
0.18590235710144043
0.9809105770339611
10.149305555555557
0.1740570068359375
0.9818129316902343
16.721932870370367
0.19612503051757812
0.9702918535843869
17.26929012345679
0.17592382431030273
0.9735564441831354
10.32248263888889
0.17430400848388672
0.9411375983744403
8.298958333333335
0.1942310333251953
0.9506150138273711
9.482060185185185
0.19420146942138672
0.9705654068597244
5.833719135802469
0.17766666412353516
0.9754425735848635
7.461371527777777
0.17878079414367676
0.9769443145913733
11.797348484848486
0.19492864608764648
0.970181915334317
11.582175925925926
0.1938004493713379
0.9767733839369537
6.7705176767676765
0.17647051811218262
0.9852255844411005
7.9503205128205146
0.1743180751800537
0.978761692046556
8.276199494949495
0.1743462085723877
0.9773406037799409
10.189709595959597
0.18923330307006836
0.969940694342476
10.359592013888888
0.17683744430541992
0.9775263984052965
9.035879629629632
0.1908245086669922
0.9771486146890597
9.757716049382715
0.17558646202087402
0.9717088049368461
9.143749999999999
0.17581868171691895
0.9608578129710348
11.112152777777776
0.17429447174072266
0.9742097020261337
5.195891203703703
0.171905517578125
0.9866283545764649
6.6410256410256405
0.17274761199951172
0.9856771466542609
5.983585858585858
0.17582368850708008
0.9767823111071009
7.370710784313725
0.19286704063415527
0.9860488861940707
7.394748263888889
0.17611980438232422
0.9877552495458107
8.902006172839505
0.17742705345153809
0.9673157995532307
6.272453703703704
0.175612211227417
0.9754852998162791
6.166933760683761
0.1762406826019287
0.9801962161923004
7.276041666666667
0.17290282249450684
0.9719481483422595
11.940972222222223
0.17684507369995117
0.9767804219219369
8.615651709401709
0.1974198818206787
0.980684647826685
15.177350427350426
0.17374801635742188
0.981960481527142
10.99212962962963
0.17403316497802734
0.9622305430511278
8.317515432098766
0.17569589614868164
0.9627219996366392
9.90304487179487
0.17602300643920898
0.9766840142256203
9.144570707070706
0.17482519149780273
0.9787986310334158
6.224893162393163
0.17428278923034668
0.968011842645443
8.088942307692307
0.17533373832702637
0.9677246788315357
5.486378205128205
0.17541265487670898
0.9798748011361834
9.051793981481481
0.17553472518920898
0.9798256366197643
9.556051587301587
0.2023003101348877
0.9753652467008482
9.248015873015873
0.17554903030395508
0.9836930488981532
8.235844017094019
0.1744992733001709
0.9773952335142814
7.5317460317460325
0.183516263961792
0.9785395205916654
7.571990740740739
0.17578625679016113
0.9630388482535834
9.252232142857142
0.18126606941223145
0.9795220661812755
9.571990740740741
0.17374777793884277
0.9903747796331133
7.919907407407408
0.17604851722717285
0.9852159091220474
4.75820707070707
0.19374322891235352
0.9861480497612093
7.1923076923076925
0.1755967140197754
0.97325448036875
5.987847222222221
0.17887616157531738
0.9749275133421477
8.004166666666666
0.18384623527526855
0.9819189830987903
6.9037247474747465
0.17548751831054688
0.9836847692825421
9.143308080808078
0.17587018013000488
0.9734498832426002
7.706597222222221
0.19440197944641113
0.9848402741811342
7.530381944444444
0.17378854751586914
0.9908859351372186
11.139322916666664
0.1906113624572754
0.9756536961806745
8.378472222222223
0.1747598648071289
0.9811836552097088
7.729662698412698
0.17427468299865723
0.977460578178297
8.758169934640522
0.18885159492492676
0.987481231368975
8.020833333333332
0.1785273551940918
0.9806860029441983
11.425
0.17662310600280762
0.9870310107003684
10.044921874999998
0.1774754524230957
0.9793506318368248
13.71903935185185
0.19983267784118652
0.9853293568505379
11.244791666666664
0.18326044082641602
0.9646364795722947
6.586419753086419
0.1734931468963623
0.9689426416213532
7.723958333333333
0.17389416694641113
0.9754041829310195
6.555989583333334
0.18810033798217773
0.9690717207504866
8.24363425925926
0.17309784889221191
0.9754098035821978
9.209635416666668
0.18778610229492188
0.9802938960769513
8.775462962962962
0.17791056632995605
0.9677852812190217
10.509027777777778
0.18068766593933105
0.9798179641330588
9.949652777777777
0.18536639213562012
0.9784107800152522
10.194444444444445
0.17602252960205078
0.9807120568177333
7.107986111111112
0.17453503608703613
0.9723631585640565
8.306423611111109
0.17550921440124512
0.9883343073790329
8.720085470085468
0.19156575202941895
0.9765723550934039
10.57013888888889
0.17510724067687988
0.9741512126482769
13.292708333333334
0.17644882202148438
0.9671940564759961
5.405715811965811
0.19503355026245117
0.9755125398261308
7.8149305555555575
0.19982147216796875
0.9761375809174012
8.828282828282829
0.17429399490356445
0.9781272723035405
9.689583333333331
0.19594740867614746
0.9799623358164933
8.475405092592592
0.17712616920471191
0.9804298827749591
8.53125
0.1772148609161377
0.9654555416200352
9.22123015873016
0.1722123622894287
0.9796318317629034
17.427714646464647
0.17289471626281738
0.980323108550769
10.522762345679013
0.17479634284973145
0.9623574239836644
12.742559523809522
0.17505955696105957
0.9747348577405066
11.617621527777777
0.1771550178527832
0.9722013869176458
9.506944444444445
0.18573546409606934
0.9868551046204155
6.812003968253969
0.2014303207397461
0.9768316782258637
6.69212962962963
0.19413447380065918
0.9742144892144893
9.47172619047619
0.17543315887451172
0.9632868303923583
9.621527777777775
0.17330098152160645
0.9701964656268457
8.898042929292929
0.1729438304901123
0.9724983290927561
9.561805555555555
0.17488646507263184
0.9835634893296185
10.712962962962962
0.1741325855255127
0.9775200641439583
13.368055555555557
0.18942689895629883
0.9782245330616003
10.569711538461538
0.17511892318725586
0.9903446067593713
9.168002136752136
0.17424535751342773
0.9887664171066811
7.2197916666666675
0.17403292655944824
0.9750487002196105
8.136217948717949
0.17327642440795898
0.9848259491072455
9.826884920634921
0.18399810791015625
0.9689870610730963
10.408203125
0.1778733730316162
0.9792186034043359
8.414419934640524
0.17718863487243652
0.981275480635365
10.645337301587302
0.1735210418701172
0.9853412018733774
5.221590909090908
0.1741340160369873
0.9706499238031189
7.843118686868687
0.17597675323486328
0.9627558861244356
8.37941919191919
0.20339345932006836
0.9826602815094319
9.838657407407407
0.1861429214477539
0.9710395797667601
7.383101851851852
0.17720246315002441
0.9780401614027168
8.646901709401707
0.17607760429382324
0.9838965051792173
6.227141203703705
0.18398261070251465
0.9864155831997085
10.559027777777775
0.1818087100982666
0.9872842037431072
6.776442307692307
0.1744065284729004
0.9781007264914804
7.151830808080806
0.18876194953918457
0.9843290873931192
8.28269675925926
0.17519736289978027
0.9702125837528117
8.48344017094017
0.17603421211242676
0.9753798533383334
9.338643790849673
0.18248414993286133
0.9803282281206822
7.7538580246913575
0.18323349952697754
0.9796245923585182
11.574435763888886
0.1785421371459961
0.9880846491839811
7.685648148148148
0.19301962852478027
0.9745194472807309
7.6223290598290605
0.1950843334197998
0.9722454239574321
13.034722222222221
0.17529773712158203
0.9731268266585729
8.369502314814815
0.1752173900604248
0.9845046620585192
12.96081349206349
0.17728090286254883
0.9670653406653728
8.758873456790122
0.17610502243041992
0.9855383206981858
6.740740740740741
0.17666125297546387
0.9807917718466844
6.198863636363637
0.19459867477416992
0.9742061817565529
6.7764423076923075
0.17645001411437988
0.9749746995564234
6.690476190476191
0.17656254768371582
0.9813294586368493
7.030787037037036
0.19379854202270508
0.9805177967141032
7.040922619047619
0.17674660682678223
0.9687271430738014
7.009469696969696
0.18310976028442383
0.9803821680361702
8.70272435897436
0.17636585235595703
0.9748542867936287
7.710813492063491
0.1942906379699707
0.9816635551758615
9.20798611111111
0.17615270614624023
0.9690185176064833
4.981481481481481
0.1741163730621338
0.9829073827562808
10.571373456790122
0.17594075202941895
0.9702348131238574
7.529947916666667
0.17355084419250488
0.9693357932466428
9.958333333333334
0.1763014793395996
0.957730120226685
9.229552469135804
0.17224621772766113
0.9782224214745916
11.051649305555557
0.18662691116333008
0.9633265027772816
11.694444444444445
0.17446112632751465
0.9694390026272995
15.014384920634921
0.1936788558959961
0.9614547358428526
25.725
0.19638466835021973
0.9809112503683707
8.788580246913583
0.18247747421264648
0.9779263070083278
8.689484126984128
0.17609715461730957
0.96683929268459
5.972222222222221
0.18355584144592285
0.9610282001712005
6.016319444444444
0.17308712005615234
0.9763429435692627
8.181597222222223
0.1851489543914795
0.96864403272298
5.794367283950617
0.17522883415222168
0.981135008687191
5.9961419753086425
0.18091201782226562
0.9649868104402773
12.023726851851853
0.18830585479736328
0.9699837517162726
11.43113425925926
0.17498779296875
0.9843206042481405
11.26345486111111
0.18288564682006836
0.9782990139175796
10.310570987654321
0.1745898723602295
0.9872833170413816
9.836805555555554
0.17697620391845703
0.9767014399124389
7.821428571428571
0.17252564430236816
0.976127826291014
7.208333333333334
0.17560887336730957
0.9683022628609392
9.489583333333332
0.17380905151367188
0.9709600279422302
9.930989583333334
0.1766681671142578
0.9448323509116985
9.980324074074074
0.1766974925994873
0.9674820179751584
11.160493827160495
0.1757035255432129
0.9724504062224868
7.3249007936507935
0.17519426345825195
0.9757201921172508
8.064429012345677
0.17693781852722168
0.9552085560135095
7.818287037037036
0.18988466262817383
0.9808122183644005
10.236111111111112
0.17566871643066406
0.9663632464895137
14.526830808080808
0.17225861549377441
0.9784998825956577
8.084027777777779
0.17210054397583008
0.9808979224586112
5.842487373737374
0.1723012924194336
0.9872679586715748
8.572916666666666
0.17464041709899902
0.9633020424233419
8.177083333333334
0.1737382411956787
0.980969341468598
6.5472222222222225
0.18587160110473633
0.982173457067784
4.281828703703704
0.17459440231323242
0.9815900010974603
6.625
0.17764949798583984
0.9672580448505496
4.8895833333333325
0.17431402206420898
0.9752191433408718
14.786651234567898
0.17455816268920898
0.9883072136730672
15.719521604938272
0.17220497131347656
0.9885066743216728
10.167708333333334
0.17290449142456055
0.9797502095511063
7.960262345679013
0.17379021644592285
0.9746920658130489
8.078125000000002
0.1840803623199463
0.9967354412515703
8.762152777777777
0.17489027976989746
0.9814575647714319
7.380208333333333
0.17481613159179688
0.9789042987663679
8.257440476190476
0.1942431926727295
0.9711669964773413
4.394097222222222
0.17377471923828125
0.9875070436809567
6.478174603174603
0.19243502616882324
0.9788678279907665
9.027281746031747
0.17915844917297363
0.9842124261400308
8.482638888888888
0.18132352828979492
0.9738366231126706
10.872222222222224
0.17531681060791016
0.975219313346399
7.578993055555556
0.1764698028564453
0.9787949383455502
11.908234126984128
0.183182954788208
0.9669237848133789
12.083912037037038
0.17544913291931152
0.9662376112297323
9.155671296296296
0.17770910263061523
0.982512508937775
5.432484567901235
0.17882061004638672
0.9751507455919222
15.003906250000002
0.17503046989440918
0.9812075319970056
10.736111111111112
0.1737966537475586
0.9725250659910479
8.528211805555555
0.18696951866149902
0.9724296702536306
9.481691919191919
0.17480993270874023
0.9860607946882457
8.422916666666667
0.17567110061645508
0.9734188200577377
9.429220085470085
0.17466044425964355
0.9800323706222742
6.6097222222222225
0.17426609992980957
0.9792432649749724
5.015151515151516
0.1941967010498047
0.9933584357306805
4.6375
0.17655515670776367
0.9846398942995654
4.271604938271604
0.1759929656982422
0.9894493527221832
7.562065972222222
0.1853787899017334
0.9856289831811653
5.4648919753086425
0.17481279373168945
0.986554084674218
9.340277777777779
0.17789983749389648
0.9745871474366455
14.711805555555555
0.17511701583862305
0.9636098337437244
11.827967171717171
0.1764664649963379
0.9658603570560069
8.82796717171717
0.17271947860717773
0.9590742465548966
6.603395061728395
0.1930699348449707
0.9744618401411373
11.397411616161616
0.17417669296264648
0.9793338199278459
12.189484126984125
0.17480158805847168
0.9755314291126455
9.372299382716049
0.17735505104064941
0.9866738147225952
10.565656565656566
0.19576191902160645
0.9893428651323389
14.747395833333334
0.17971396446228027
0.9869647096639507
17.24807098765432
0.17684054374694824
0.9923920096403411
10.740277777777779
0.1763913631439209
0.9771153329292002
7.406635802469135
0.19365715980529785
0.9863179468466826
5.3813657407407405
0.19332289695739746
0.9914504868234939
6.108796296296297
0.17401766777038574
0.9803045880905702
6.645833333333333
0.18953394889831543
0.9903230203080277
5.8240740740740735
0.17407011985778809
0.9873548599123312
4.594444444444445
0.18387532234191895
0.9831865309877917
10.39621913580247
0.19134521484375
0.9748415977444037
10.717592592592593
0.1845264434814453
0.9861836697750676
8.569444444444445
0.17742156982421875
0.9566255465720558
7.7936507936507935
0.1845531463623047
0.9816754667635419
5.419367283950617
0.18373632431030273
0.9854043618014205
8.86061507936508
0.19489240646362305
0.9826145738531922
8.4
0.1952378749847412
0.9609246793101947
6.031635802469136
0.1937696933746338
0.9642479340473844
9.515625000000002
0.1742708683013916
0.9675588046535339
9.329475308641976
0.17206716537475586
0.9745561878345181
9.09077380952381
0.194075345993042
0.972764564741309
6.535037878787878
0.1749711036682129
0.9723906339260819
8.530478395061728
0.17363214492797852
0.9833543610298248
4.765873015873017
0.1753091812133789
0.9803067878599794
10.900607638888888
0.17548871040344238
0.9576889810738703
11.624131944444445
0.17609667778015137
0.96964602052255
8.545138888888888
0.19478702545166016
0.9727921885473305
8.468315972222221
0.173994779586792
0.9689376289779515
10.928626543209877
0.17770743370056152
0.9740598639293924
13.67795138888889
0.18364906311035156
0.968110662731972
11.675540123456791
0.1737978458404541
0.9804443168348761
7.65162037037037
0.1724090576171875
0.9761241890506241
6.85385101010101
0.1830580234527588
0.9772806282363855
8.335648148148149
0.1772925853729248
0.9843992436252497
7.541666666666666
0.1827840805053711
0.9778611792747562
9.678819444444445
0.1858677864074707
0.9784336957084823
6.903163580246915
0.18892741203308105
0.9814045134961693
12.53858024691358
0.17459511756896973
0.9820516563135303
18.264880952380953
0.17203545570373535
0.9762527470710581
9.6640625
0.19109225273132324
0.9789409186041066
7.086805555555556
0.1945040225982666
0.9843320443833922
8.129103535353535
0.17585515975952148
0.9728967931394533
7.702932098765432
0.17589688301086426
0.9647461214607844
8.641203703703702
0.1882002353668213
0.9732071719839488
7.655555555555557
0.19414424896240234
0.9809501850732286
7.2075892857142865
0.17883968353271484
0.9844632863196744
7.94375
0.1726062297821045
0.963519433622921
6.491792929292928
0.19163131713867188
0.9833254668362484
10.311431623931623
0.17866802215576172
0.9920182933693573
9.053661616161618
0.18074727058410645
0.9831625911206174
7.630015432098765
0.18743205070495605
0.9745406309163687
6.921440972222223
0.17237567901611328
0.9793266236714905
7.507891414141415
0.17864418029785156
0.9850898202241606
6.657118055555555
0.17488527297973633
0.9781520170402758
7.025883838383839
0.17563772201538086
0.9563295364765952
8.205632716049385
0.17284035682678223
0.9606917645454984
10.473214285714283
0.17559456825256348
0.9766286989712969
7.165719696969696
0.17393088340759277
0.9836112387069257
11.11111111111111
0.17441129684448242
0.9827519766735219
13.587152777777778
0.17514801025390625
0.977258142361705
18.627976190476193
0.17732501029968262
0.9523904460745114
10.278409090909092
0.17917180061340332
0.9712345408678356
7.84548611111111
0.1767265796661377
0.9766579363195514
8.977297008547009
0.17724347114562988
0.9788268540019565
8.048321759259258
0.17728471755981445
0.9888844971453667
9.226919934640522
0.1810758113861084
0.9820808571063819
8.611111111111112
0.17825698852539062
0.9766288059122801
6.568497474747475
0.19550490379333496
0.9596241745811286
7.417708333333332
0.1761777400970459
0.9755181180930971
6.65162037037037
0.17428231239318848
0.9672996515504182
6.716579861111112
0.18407607078552246
0.988116064531661
7.935185185185184
0.17693066596984863
0.9817464029370334
11.513888888888888
0.1775367259979248
0.9862992346677132
11.180555555555555
0.17457962036132812
0.9786604147503181
7.007233796296298
0.19412541389465332
0.9714131343876082
7.037760416666666
0.18521690368652344
0.9636840785042595
5.971590909090909
0.17308330535888672
0.9683754682782956
6.731646825396824
0.1749424934387207
0.9864281317222493
5.153769841269841
0.1733553409576416
0.9761632893467086
6.27662037037037
0.17735600471496582
0.9677022776477234
7.458333333333333
0.1763603687286377
0.966781651773991
16.53472222222222
0.19233369827270508
0.9750907371804194
14.052083333333332
0.19453763961791992
0.9465004005969042
14.923177083333332
0.17400074005126953
0.9651711525395735
9.494357638888888
0.18527531623840332
0.9857805865700602
8.738095238095237
0.17484140396118164
0.9671424487003569
14.661805555555555
0.1948397159576416
0.9801386165661634
11.672348484848483
0.19314265251159668
0.9741903598849568
13.332465277777779
0.17708134651184082
0.9677449280749134
7.563802083333334
0.18406081199645996
0.9549707355835898
11.987152777777776
0.1730670928955078
0.966836919529026
14.40625
0.1777493953704834
0.9583627521594706
11.284722222222221
0.17342185974121094
0.9651060725866067
5.134424603174603
0.17500972747802734
0.9729140785976308
10.668836805555555
0.17667055130004883
0.981515095620606
12.396527777777777
0.18421339988708496
0.9900495373921352
14.561868686868685
0.18559479713439941
0.9813450466391641
10.256558641975309
0.17458009719848633
0.9810579504861081
10.838975694444445
0.19400739669799805
0.9825651981924693
11.216820987654321
0.1739206314086914
0.9737302831329161
15.672743055555555
0.17439055442810059
0.9819436171071942
10.48125
0.18126654624938965
0.9791287771047832
9.383391203703704
0.18263030052185059
0.983102674366286
10.036458333333334
0.18525266647338867
0.9702902759504971
6.25133547008547
0.17670583724975586
0.986309708337502
10.958333333333334
0.1734614372253418
0.9612674978861065
7.954326923076922
0.18753719329833984
0.9866876081621337
9.225
0.1752030849456787
0.9784006315441917
8.794191919191919
0.17490696907043457
0.9720375609343538
7.734490740740741
0.1753225326538086
0.967488924785734
7.541418650793651
0.17762994766235352
0.967707989072162
12.98415798611111
0.17488503456115723
0.9625474858985058
15.942574786324789
0.18457531929016113
0.9869658567239213
9.366512345679011
0.17448711395263672
0.9774448445721645
12.215593434343434
0.1919412612915039
0.9777370501712151
8.522858796296296
0.17707586288452148
0.9706271073039674
8.463699494949497
0.1726534366607666
0.9696235952556669
9.60479797979798
0.1763911247253418
0.9713190413740389
12.78125
0.19515657424926758
0.9864349579717582
10.611496913580247
0.1729440689086914
0.9767406128251513
12.358796296296298
0.17344927787780762
0.9771060280578264
8.965277777777777
0.19400739669799805
0.9825254805858253
13.698688271604937
0.1759777069091797
0.9799821087321088
6.57253086419753
0.173126220703125
0.9749352487670844
7.265972222222222
0.17426490783691406
0.9731257975539551
12.931423611111109
0.19951796531677246
0.9798201409468018
18.208043981481477
0.19302988052368164
0.984221664458158
6.946180555555556
0.17671608924865723
0.9738873568923782
10.321373456790123
0.1749892234802246
0.9929747445536918
8.011718749999998
0.18004584312438965
0.9893415704610298
8.640046296296296
0.17614293098449707
0.9639780119094508
10.729861111111111
0.19434833526611328
0.9672701260891842
4.680902777777778
0.17216897010803223
0.9811654584137898
11.578124999999998
0.19019007682800293
0.9615408045206894
12.677083333333332
0.18794536590576172
0.9734710592605329
12.383522727272727
0.1750929355621338
0.981419872658491
11.273871527777777
0.17509794235229492
0.9588404629170383
9.685069444444444
0.18883991241455078
0.9757533457355482
17.55009920634921
0.1749095916748047
0.9570704650309751
13.783730158730156
0.17872929573059082
0.9624645279361921
13.355902777777779
0.18123316764831543
0.9753582019371493
15.570138888888891
0.17546725273132324
0.9750118698505796
12.397762345679013
0.17546725273132324
0.9901498977969566
9.934413580246916
0.17645049095153809
0.9781750519171869
9.14409722222222
0.1748218536376953
0.9809265541419168
8.558080808080808
0.17250919342041016
0.9730053357505475
10.953258547008547
0.17758989334106445
0.9903100511742441
9.819128787878789
0.19303321838378906
0.9830742440780221
12.150106837606838
0.1797785758972168
0.9699803363968175
12.098379629629628
0.1808328628540039
0.978902321042262
12.057098765432098
0.1998462677001953
0.9779111534831829
10.514930555555555
0.17448163032531738
0.9743647382248299
8.861882716049385
0.1756429672241211
0.9763330719165935
11.308796296296295
0.1763761043548584
0.9782305321714997
8.695245726495726
0.176347017288208
0.9907564967122541
8.858585858585858
0.18934869766235352
0.9856739063345802
9.161324786324785
0.1894075870513916
0.974300095122764
7.387626262626264
0.17508196830749512
0.9802481643813048
9.768402777777776
0.17646121978759766
0.9831160246609568
9.828914141414138
0.17357659339904785
0.9865987250669259
8.905902777777778
0.1739349365234375
0.983130230016857
6.806597222222221
0.17368006706237793
0.977755232705149
6.439236111111112
0.17323637008666992
0.9772723012771377
10.200694444444444
0.1734473705291748
0.9759751126628757
10.700617283950617
0.17676973342895508
0.9683388100861969
5.002893518518518
0.17600321769714355
0.9817704221150442
11.189814814814813
0.18213963508605957
0.9865896844803845
5.534722222222223
0.17818379402160645
0.9672314152239394
6.974537037037035
0.17815065383911133
0.9695497403179958
5.633101851851852
0.17201542854309082
0.9849856689678714
5.068287037037037
0.17572641372680664
0.975279369323487
9.84672619047619
0.17426538467407227
0.9817382765600082
10.639583333333333
0.17849087715148926
0.9774273788192613
7.882330246913581
0.19415664672851562
0.9658414532260473
7.569444444444444
0.1741642951965332
0.9789991989043222
6.357204861111112
0.1756148338317871
0.9837760453603835
8.541035353535351
0.17743611335754395
0.9767160358058659
13.66010802469136
0.1934676170349121
0.962502290235231
11.12114197530864
0.17394161224365234
0.9669356675968361
8.00625
0.1757657527923584
0.9686009424893315
7.130952380952381
0.17626643180847168
0.9720501199197642
5.43287037037037
0.173447847366333
0.9743329428031677
7.068518518518518
0.17739343643188477
0.9919618578523064
8.426835317460316
0.17358016967773438
0.9821742612351343
10.569128787878789
0.17760825157165527
0.9802529522993098
7.3417658730158735
0.19504952430725098
0.9788425083916255
9.681891025641026
0.19266939163208008
0.9776948364995807
8.434027777777779
0.18697667121887207
0.9812651176466803
10.754774305555555
0.19365930557250977
0.9648049337702019
8.584325396825397
0.1754312515258789
0.9715185729192518
10.049305555555556
0.19275927543640137
0.9640181593418032
8.030381944444445
0.19281959533691406
0.978829864029309
7.090663580246914
0.1743004322052002
0.9757457862704605
10.634837962962964
0.1763439178466797
0.9955266282095551
10.854938271604938
0.17248892784118652
0.9928267855097122
10.376157407407408
0.19327259063720703
0.9868940386682321
6.965711805555556
0.1756298542022705
0.9742577997324694
6.864236111111111
0.1961650848388672
0.974664025414839
9.372863247863247
0.18169498443603516
0.991329642462296
10.483047385620914
0.17520976066589355
0.9779753382891746
10.374503968253967
0.171966552734375
0.9712661776496129
9.157407407407408
0.17633056640625
0.9865765733333592
13.347800925925926
0.17409420013427734
0.9729964515365427
9.83173076923077
0.17760205268859863
0.9876731095443573
11.381313131313128
0.19182538986206055
0.9638133884031389
8.374465811965813
0.17419910430908203
0.9731078967442751
8.582093253968255
0.17814922332763672
0.9855288771907759
11.752546296296297
0.1747584342956543
0.9833013131784812
12.326388888888888
0.18367838859558105
0.9820360312417888
6.694444444444445
0.18277239799499512
0.9688903247213462
7.794642857142857
0.1775665283203125
0.9804550587363365
6.414141414141414
0.17506814002990723
0.98893711060319
9.853472222222223
0.1843585968017578
0.9828256560286363
6.8955176767676765
0.17529797554016113
0.9823577079156683
5.735243055555555
0.19409465789794922
0.9851485794934464
7.997790404040404
0.17490601539611816
0.9860425348379428
9.065972222222221
0.18219590187072754
0.9908150457108352
9.818376068376068
0.177689790725708
0.9835493768222073
10.897858796296296
0.17584800720214844
0.9807574678250986
8.275752314814815
0.19391727447509766
0.9745498002445049
8.709104938271604
0.17405176162719727
0.9863580097141313
11.263117283950619
0.1938340663909912
0.9872415726329511
14.628787878787877
0.1949310302734375
0.9839169673478074
7.48046875
0.17841410636901855
0.9760739510894308
13.313657407407408
0.17826604843139648
0.9843176716415301
9.520833333333332
0.17571306228637695
0.9901603633667037
11.248263888888888
0.19353532791137695
0.970420660230907
12.187885802469136
0.17542743682861328
0.9646869704636072
7.042245370370371
0.1723194122314453
0.964369035314603
8.72482638888889
0.17596125602722168
0.9622159923186882
7.918981481481481
0.17681264877319336
0.9741726976450982
7.620756172839506
0.19015765190124512
0.9925672628972485
7.625496031746032
0.1950373649597168
0.9878964917335035
7.400173611111111
0.17781329154968262
0.9908522316417052
7.907118055555555
0.17881345748901367
0.9534864824595534
8.749007936507937
0.17559003829956055
0.9597291543674333
5.107638888888889
0.17530417442321777
0.9649194531025739
7.780181623931624
0.17741155624389648
0.9805783390403964
7.398674242424241
0.19751691818237305
0.9690511298661282
11.385069444444444
0.19346165657043457
0.9757087938922133
8.532828282828282
0.17855477333068848
0.9797039290649587
8.026909722222223
0.1765308380126953
0.9782061703391532
8.70486111111111
0.17621064186096191
0.9720786219222006
6.963734567901233
0.18520641326904297
0.9860609684827352
9.56344696969697
0.17486357688903809
0.9852596032056685
10.787878787878789
0.17317509651184082
0.9755639235070015
10.654040404040405
0.1767277717590332
0.9694471142220485
9.373130341880342
0.17500925064086914
0.9688118135764789
10.948495370370372
0.17627763748168945
0.9795069893786912
7.7398504273504285
0.1943058967590332
0.9749496912900895
7.730555555555555
0.18415141105651855
0.9684270953977789
11.517628205128204
0.1977231502532959
0.9763588638000376
7.987132352941177
0.1900193691253662
0.9780552248948856
10.513888888888888
0.17554926872253418
0.9866555518410406
7.091666666666667
0.1777653694152832
0.9797669063541273
8.55145202020202
0.1758737564086914
0.9855966107050371
11.297979797979798
0.1977066993713379
0.9790965541120341
9.859848484848484
0.17466974258422852
0.9721501290590621
8.042658730158731
0.176865816116333
0.9634988073011933
11.25763888888889
0.17554330825805664
0.981858406030272
8.039930555555555
0.1762399673461914
0.9855133328559308
9.533459595959595
0.17341041564941406
0.9741722689407556
5.630555555555555
0.18029546737670898
0.9699038830617778
5.037037037037037
0.1855759620666504
0.9787026955517926
6.817129629629629
0.19348859786987305
0.9811311334206139
9.199346405228757
0.1759166717529297
0.978923739583649
8.586004273504273
0.17283964157104492
0.9686418861938151
10.596590909090908
0.18515634536743164
0.9728808300062742
13.540331196581198
0.17386770248413086
0.9879737924624801
14.54571759259259
0.17624783515930176
0.9871972316869797
7.502777777777778
0.17708468437194824
0.9803069830409594
5.976851851851851
0.17713212966918945
0.9778367525394712
5.815228174603175
0.17255544662475586
0.9775247573120556
10.111912393162394
0.17626619338989258
0.9727019944405083
8.190104166666668
0.17824792861938477
0.9794174239656617
9.79369212962963
0.19648361206054688
0.9844981810250323
7.06388888888889
0.17925333976745605
0.9846096684982687
9.64425505050505
0.17596888542175293
0.9857705747751125
7.608564814814814
0.17545771598815918
0.9644821222664951
10.934027777777779
0.1756601333618164
0.9772500906260488
10.031517094017094
0.1764976978302002
0.9732600869471059
8.288194444444446
0.1770021915435791
0.9790168753641075
8.562500000000002
0.17491507530212402
0.9776649486024006
10.069661458333332
0.17725324630737305
0.9771147827740523
8.387152777777777
0.18487071990966797
0.9714933847662153
8.026388888888889
0.18811750411987305
0.9664060653786598
7.417438271604938
0.1794755458831787
0.9814494830284304
8.575053418803417
0.18056941032409668
0.9827209685104422
12.093005952380954
0.1948847770690918
0.9825661842702921
9.57165404040404
0.18529605865478516
0.9794807825769861
7.934895833333333
0.17776703834533691
0.9772693152422618
7.049603174603175
0.1759345531463623
0.9780848251917994
6.379050925925925
0.18500018119812012
0.9888975474079327
7.5249999999999995
0.17469167709350586
0.9895018976857882
9.182870370370368
0.17560911178588867
0.9875160813290347
9.415509259259258
0.17482733726501465
0.9928974086868824
9.476934523809524
0.19377923011779785
0.9913149349782538
7.0197916666666655
0.1887044906616211
0.9655613198849639
4.720920138888888
0.1960463523864746
0.9648270160959502
8.041666666666666
0.19471311569213867
0.9719553766383578
4.8321759259259265
0.17577552795410156
0.974637327701588
7.74609375
0.1746351718902588
0.9645361789388118
7.910763888888887
0.17636537551879883
0.9598976823480512
10.593118686868687
0.17562437057495117
0.9663073454668795
8.76658950617284
0.17644405364990234
0.9837734959701504
9.126262626262626
0.18204760551452637
0.9723609182965887
7.553345959595959
0.19343900680541992
0.9890867043323514
7.784336419753085
0.18998074531555176
0.9835388778081608
8.886284722222221
0.18323826789855957
0.9648313596790967
6.5766782407407405
0.1745443344116211
0.9876400809884114
4.891121031746032
0.17351031303405762
0.9788648858315945
8.304924242424242
0.19626712799072266
0.983150412419188
5.743634259259259
0.17687153816223145
0.9719152219608035
10.589583333333332
0.18670320510864258
0.9658458677821103
8.255208333333334
0.1850883960723877
0.9725569804881254
14.3482905982906
0.17436575889587402
0.9719575882838656
10.95957341269841
0.19189000129699707
0.9761062196262316
12.520061728395063
0.17514944076538086
0.9706068405828415
8.986882716049383
0.18526816368103027
0.9892984527292931
11.054292929292929
0.17678451538085938
0.9852297882785688
7.970486111111112
0.17448210716247559
0.9898434961395824
8.94295634920635
0.1739509105682373
0.9854933512423781
9.088675213675215
0.20061349868774414
0.9905222402652023
11.168244949494948
0.19964289665222168
0.9873800484995078
9.459027777777777
0.17939090728759766
0.9770296975703366
8.547348484848486
0.19489669799804688
0.9847317512101567
6.476641414141414
0.17774081230163574
0.9881556540239068
9.099305555555556
0.17519927024841309
0.9892282044111312
8.794604700854702
0.1783123016357422
0.9876624793646069
7.494123931623931
0.18916010856628418
0.9879242403172317
8.76736111111111
0.17412638664245605
0.9815284899457972
7.430092592592592
0.17539358139038086
0.9650562833046269
7.755681818181818
0.1949481964111328
0.9821242088117125
5.42782738095238
0.1955702304840088
0.9796961441509828
5.384837962962962
0.18970823287963867
0.9838628557627002
12.603703703703706
0.1920456886291504
0.9812894645797772
5.8128472222222225
0.1757206916809082
0.9712491571182826
7.866608796296295
0.17671704292297363
0.9694328792755452
11.892361111111109
0.19478845596313477
0.9780106370468898
13.733901515151517
0.181243896484375
0.9746427156242959
9.493344907407407
0.17968440055847168
0.9763734628587758
7.4311342592592595
0.19536066055297852
0.9839378048572375
8.615918803418802
0.17583918571472168
0.9842179197734475
7.723611111111111
0.1760692596435547
0.9820695782184871
10.826388888888888
0.17625069618225098
0.978329738181516
10.579861111111112
0.1820964813232422
0.9838777988354119
16.34143518518519
0.1792442798614502
0.9835496949400958
7.659989316239317
0.1858377456665039
0.9779188149314402
14.25614316239316
0.176222562789917
0.9877145981697709
10.82638888888889
0.17557716369628906
0.9829690071575607
10.476934523809524
0.19605588912963867
0.9810416475919485
9.235294117647058
0.17482352256774902
0.9852282784458655
7.947482638888889
0.17508220672607422
0.9863773105912114
10.418402777777777
0.19307446479797363
0.9869795706526691
11.349537037037038
0.1731274127960205
0.9661454867975271
13.320601851851853
0.19251322746276855
0.9722719323111667
9.08738425925926
0.18512201309204102
0.9801105479643903
14.810185185185182
0.18182849884033203
0.978870088569144
10.97634548611111
0.1915125846862793
0.9878450172995112
8.167483660130719
0.1751389503479004
0.9730183522917046
7.783564814814815
0.17622113227844238
0.9846540021933866
7.976851851851853
0.18964934349060059
0.9713599705300455
6.323263888888889
0.17462682723999023
0.9843900532757303
9.264236111111112
0.17479586601257324
0.9856532047995461
8.21875
0.1761951446533203
0.9679284449103257
7.0405092592592595
0.17309165000915527
0.9610555045534298
11.289496527777779
0.1767568588256836
0.9775198159854149
10.604166666666668
0.17597675323486328
0.9877918010646315
7.227430555555555
0.17465496063232422
0.9825996122592834
10.211805555555555
0.1932985782623291
0.9856028788757094
10.475694444444441
0.1882178783416748
0.9807160540105372
8.870039682539682
0.1755979061126709
0.9856435627535104
8.513888888888888
0.1762855052947998
0.9819831919430767
8.036057692307692
0.18024897575378418
0.9717941872752355
7.615277777777779
0.17485928535461426
0.9696049273093436
9.104398148148148
0.17759323120117188
0.9635756860089197
5.226345486111111
0.17606854438781738
0.9843490461358032
7.76266339869281
0.17494940757751465
0.9801021349071523
8.967013888888888
0.17790937423706055
0.9780726098055268
6.851790935672513
0.17301106452941895
0.9820763641701251
7.398065476190475
0.17949318885803223
0.9810615990249728
7.627083333333335
0.17491364479064941
0.9628796612926785
6.5962752525252535
0.17611265182495117
0.9756877296925538
11.964988425925924
0.17606544494628906
0.9737516824493403
11.734217171717175
0.17529988288879395
0.9817622701732632
7.909989316239318
0.17534637451171875
0.9731041135966725
8.370993589743591
0.1876370906829834
0.9786302130377498
7.806356837606837
0.17350006103515625
0.9683395438247896
8.522685185185185
0.17761898040771484
0.9685612664988462
7.852623456790123
0.18419146537780762
0.974755361581448
9.469246031746033
0.19141125679016113
0.9809011763022741
7.290798611111112
0.18965864181518555
0.9855458143455414
7.515533625730994
0.18588972091674805
0.9793563395124628
12.212268518518519
0.19399785995483398
0.9736258305020372
11.77488425925926
0.17265796661376953
0.9716610808080441
7.130425347222222
0.17420101165771484
0.9799331116761077
6.473462301587302
0.17453742027282715
0.9825344641983705
8.66159188034188
0.1934037208557129
0.9657947068790981
5.83655753968254
0.17922234535217285
0.9783287795615307
6.120726495726495
0.17280793190002441
0.9793992839921823
6.845643939393939
0.17405200004577637
0.9778487937146231
9.568910256410255
0.17252874374389648
0.9788724933643208
8.67361111111111
0.17235589027404785
0.9831038626816774
7.914772727272726
0.17748641967773438
0.9788716768785215
5.749007936507937
0.19391751289367676
0.9724693562310134
6.5694444444444455
0.17462801933288574
0.9682671663003507
8.567361111111111
0.1754155158996582
0.9855599493982036
6.4729938271604945
0.17556142807006836
0.9849405576737875
7.249732905982906
0.18823742866516113
0.989286384929605
5.101641414141414
0.17798686027526855
0.972612944062389
8.493055555555555
0.18850016593933105
0.9962927459268923
9.06628787878788
0.20592641830444336
0.9794615446607856
9.962962962962962
0.1811368465423584
0.98014044518089
10.58376736111111
0.18392705917358398
0.9656147211372988
9.219907407407408
0.17670369148254395
0.9862019624840831
8.434027777777779
0.1767716407775879
0.9876616121502998
8.201121794871794
0.1751112937927246
0.9857707798529434
7.108217592592593
0.19394993782043457
0.9652218685647291
11.216724537037038
0.18330836296081543
0.9788682788270838
6.760127314814813
0.18386578559875488
0.9806308534841862
8.873664529914528
0.19291949272155762
0.971038646293162
4.295770202020202
0.17330169677734375
0.9737012815228689
9.622061965811964
0.18951773643493652
0.9823638772231226
8.566603535353536
0.17392301559448242
0.9757205972868408
7.612058080808082
0.17444300651550293
0.973595482916161
11.474305555555555
0.18400955200195312
0.9765724128159204
12.159722222222221
0.1735706329345703
0.9880205109274877
9.859722222222222
0.1749277114868164
0.9781024636923673
5.869598765432098
0.1958761215209961
0.9800112135091386
7.512019230769231
0.18543553352355957
0.9707500231715639
5.588348765432098
0.17468929290771484
0.9619189107029854
8.554563492063492
0.1885693073272705
0.9695046056285194
12.05594135802469
0.17654824256896973
0.9887615274724022
8.77048611111111
0.17477965354919434
0.9858062081746293
9.234953703703702
0.17358613014221191
0.9803964584620378
11.06712962962963
0.17434191703796387
0.9918664228744875
8.313368055555555
0.1736915111541748
0.9548980545402496
7.601325757575757
0.18371081352233887
0.9769502518519945
7.299603174603175
0.1884629726409912
0.9915267165715813
4.9082341269841265
0.17398905754089355
0.9902035093021535
8.851996527777779
0.19430088996887207
0.967257972374885
8.694097222222222
0.17425775527954102
0.9710617437601504
8.703258547008549
0.17495203018188477
0.9777864739633007
8.724652777777779
0.1722242832183838
0.958507150448467
6.309659090909093
0.18683457374572754
0.9773041757498113
7.647095959595959
0.18180155754089355
0.98965348722756
7.7803819444444455
0.17586183547973633
0.9817741056784303
7.0924873737373755
0.1743464469909668
0.9821032169990064
6.784722222222222
0.1760880947113037
0.9718046628094373
8.98263888888889
0.17336511611938477
0.968283119344791
10.79861111111111
0.1925055980682373
0.9579999040253824
7.544849537037037
0.17453527450561523
0.9801484134281441
5.087962962962963
0.1748964786529541
0.9799287967199074
8.1202876984127
0.1726844310760498
0.9716788696498487
6.342824074074073
0.19388818740844727
0.9774714191774477
6.764756944444445
0.1733567714691162
0.9753904685351238
8.888684640522877
0.18581366539001465
0.9823066977011533
10.321581196581198
0.1896069049835205
0.9794952646082768
6.768162393162393
0.1746068000793457
0.9856368952190587
10.246775793650793
0.1813821792602539
0.9819542627151322
8.344742063492063
0.1756608486175537
0.9809722398228566
10.201655982905983
0.17421984672546387
0.9723292103739405
9.61087962962963
0.1727755069732666
0.9781079157521408
7.449252136752136
0.17400097846984863
0.9854016532246006
9.918002136752136
0.17451906204223633
0.9666691512706257
7.04224537037037
0.1769578456878662
0.9742619914681813
11.881944444444445
0.17241311073303223
0.9761551863741403
14.365845959595958
0.17676925659179688
0.9763821868261491
8.109375
0.1752326488494873
0.9927838790263214
7.794097222222222
0.17539620399475098
0.9785204013469869
8.593118686868687
0.17288661003112793
0.9886247585350493
8.568359375
0.17740416526794434
0.9750384740433106
15.752083333333331
0.18825912475585938
0.9620255706067867
12.260802469135804
0.17502188682556152
0.9759268536146426
9.145543981481483
0.17523860931396484
0.970362497241259
6.922743055555556
0.1718590259552002
0.9722479660679522
9.099877450980392
0.17512249946594238
0.9780460625107207
10.457264957264956
0.18114900588989258
0.9860817552802825
7.664583333333334
0.17257428169250488
0.982223458692232
7.790088383838383
0.1817789077758789
0.9503241310650801
10.190972222222221
0.17894792556762695
0.954843268692249
7.302083333333332
0.1844954490661621
0.9816503093587609
9.927083333333332
0.17557072639465332
0.9871893068157924
11.316666666666666
0.17706680297851562
0.9677758837648025
8.02304292929293
0.17959237098693848
0.9603182985586595
7.36111111111111
0.19416236877441406
0.9716379250171698
6.9706790123456805
0.17525315284729004
0.9741762948323937
7.748611111111112
0.18662595748901367
0.9602228640203246
6.246875
0.17479825019836426
0.9661292323933753
8.305822649572649
0.18249797821044922
0.9664937748494004
13.64236111111111
0.17932605743408203
0.9786997548550822
11.227430555555554
0.17813777923583984
0.9882994685747458
6.528645833333332
0.17703604698181152
0.986670742550338
9.30050505050505
0.1757502555847168
0.9743719756317373
6.502777777777777
0.1757216453552246
0.9741027077909704
9.863782051282051
0.19183993339538574
0.97130223779618
6.962121212121212
0.19330239295959473
0.9811321875364114
5.832799145299145
0.19175481796264648
0.9779938220094717
9.181795634920634
0.17381501197814941
0.970669584596932
8.065393518518517
0.19489836692810059
0.9627656295800151
9.217978395061728
0.17521381378173828
0.9747803483287856
8.015335648148149
0.19240260124206543
0.9823882472496662
10.478535353535353
0.19568848609924316
0.9694677589703856
9.210069444444445
0.19274497032165527
0.9652088549006883
4.796006944444445
0.17446422576904297
0.9695921054234676
5.940972222222222
0.17664575576782227
0.9743464289408622
6.095012626262626
0.17374444007873535
0.9895812897156302
9.11400462962963
0.18122649192810059
0.981560649522798
6.048263888888888
0.1757044792175293
0.9800544734977098
8.100961538461538
0.19301152229309082
0.9807854008109254
8.837094907407407
0.17513036727905273
0.9802050441552944
6.284090909090909
0.17899560928344727
0.9788257327141694
6.864293981481482
0.1817169189453125
0.9564940068105958
9.677083333333334
0.17633700370788574
0.9661780847100364
7.122106481481481
0.17451930046081543
0.9623377859117144
5.267708333333333
0.19308710098266602
0.9732974628148678
6.13888888888889
0.17524075508117676
0.9754583076846266
6.346590909090909
0.18921256065368652
0.9605901879841336
5.397376543209877
0.1740431785583496
0.97860928255141
4.308256172839506
0.17422032356262207
0.958143963020525
15.08984375
0.17812013626098633
0.9644258953538185
15.355555555555554
0.17597055435180664
0.934416398841686
13.695436507936508
0.17571735382080078
0.9643561154727701
6.416666666666666
0.18799066543579102
0.9660131915065502
11.795717592592593
0.17549753189086914
0.9704365151230476
10.532407407407408
0.17507696151733398
0.9742280565383032
10.36501736111111
0.17514705657958984
0.9843311106332929
8.356250000000001
0.17724013328552246
0.9689397297395836
8.322916666666666
0.17267370223999023
0.9745558977137923
6.5298032407407405
0.18376469612121582
0.9816505924258223
9.09672619047619
0.18825769424438477
0.9712283072440032
9.307765151515149
0.1829848289489746
0.9664671204581929
9.263573232323234
0.18136119842529297
0.9775337653652488
8.428571428571429
0.18090462684631348
0.9778130496681254
11.78926282051282
0.17243456840515137
0.9725117757148697
7.129273504273504
0.1739513874053955
0.9748888855240059
8.589699074074074
0.17726755142211914
0.9773185245448036
7.291435185185184
0.17427396774291992
0.9807402492678354
9.125801282051281
0.17581987380981445
0.9732165971371618
11.576884920634921
0.17496061325073242
0.9818549282343193
9.852546296296294
0.17403793334960938
0.9757695054584888
10.202380952380953
0.19043684005737305
0.98505461407948
10.045138888888891
0.17596220970153809
0.980518293632356
11.000925925925925
0.19347858428955078
0.9804629669655222
6.667592592592593
0.17966461181640625
0.9795992899603315
11.980113636363637
0.17463040351867676
0.9771945370886675
13.784143518518519
0.17523550987243652
0.9732051636498231
11.290064102564104
0.176177978515625
0.9755491302319154
10.32494212962963
0.1743314266204834
0.9753323551204002
9.219675925925925
0.18497657775878906
0.9806001552466878
11.827628968253967
0.17431378364562988
0.9873966901200617
8.53263888888889
0.17931342124938965
0.984292901803813
8.918981481481483
0.1768653392791748
0.979345221586804
6.800843253968255
0.17983746528625488
0.9794511065213013
8.195370370370368
0.17773032188415527
0.9851589836135002
8.89822048611111
0.17556214332580566
0.9826631514482925
7.105587121212119
0.17749571800231934
0.9773835526702649
6.045547385620915
0.17842459678649902
0.9790665286475839
7.0927854938271615
0.17714667320251465
0.9816018704423464
7.81515522875817
0.1838366985321045
0.9718599309868836
10.040013227513226
0.17744970321655273
0.9810868152623146
7.671874999999999
0.17768216133117676
0.9760993329288971
6.651813271604938
0.17429804801940918
0.976258714974147
9.755718954248364
0.1946420669555664
0.9675958143943431
9.099175347222221
0.17510056495666504
0.9717428408404469
5.809941520467837
0.17632365226745605
0.9776043393680528
8.536805555555555
0.1772630214691162
0.9832959912887914
8.987196180555555
0.17485260963439941
0.9741564124586749
7.240046296296296
0.17471957206726074
0.9816156104455235
7.169849537037037
0.17417120933532715
0.9841606247825783
8.98141339869281
0.17337822914123535
0.9738505666644068
9.472453703703703
0.17518973350524902
0.9756106298486807
9.069444444444446
0.1748800277709961
0.9879068121421312
13.876157407407408
0.17667818069458008
0.9828306913309337
8.6295405982906
0.17503046989440918
0.9816769636860126
8.515873015873018
0.1847238540649414
0.97208355648149
6.978098290598291
0.19393682479858398
0.9835115125888179
9.185185185185187
0.1755063533782959
0.9863752113724517
9.525607638888888
0.17304491996765137
0.9700649671807218
10.669070512820515
0.17816853523254395
0.9897391709400104
9.449074074074076
0.17510509490966797
0.9800078352591834
10.098958333333332
0.19365525245666504
0.9800496250890098
9.337053571428573
0.18764591217041016
0.9742980784458195
8.304534313725489
0.1752028465270996
0.9775604654106469
13.794117647058824
0.17684507369995117
0.9825915563465364
9.096609477124183
0.1769258975982666
0.9747517246802253
7.253472222222221
0.1799488067626953
0.9775618768794012
9.308662280701755
0.17483901977539062
0.9844826551693094
8.171006944444445
0.18426799774169922
0.9849757496819986
7.879712301587301
0.17405986785888672
0.9847029961499844
8.704861111111112
0.17627239227294922
0.9703757209076352
7.992766203703703
